t_s,q_rad,q_des_rad,jerk
0.0052530765533447266,-0.04083833179796408,0.0064720302643028116,0.0
0.014381647109985352,-0.04083833179796408,0.031285551618283815,0.0
0.02408456802368164,-0.040642933081227406,0.07778488268137404,0.0
0.03217148780822754,-0.040252135647754074,0.14205372055848448,0.0
0.042310476303100586,-0.039470540780807396,0.2205503812946782,0.552076719357362
0.05148148536682129,-0.038493547197124035,0.3100915541519506,1.722479364394969
0.062027692794799805,-0.03556256644607399,0.40784225123842294,3.953090141286454
0.07261252403259277,-0.03243618697828726,0.5113074390371884,5.0
0.08049368858337402,-0.02950520622723721,0.6182995207063213,5.0
0.09145355224609375,-0.02501103574229379,0.7269147385534804,5.0
0.10052990913391113,-0.02129846012429706,0.8355266649691008,5.0
0.10850119590759277,-0.017976681939773663,0.9427600001353937,5.0
0.1186361312866211,-0.013873308888303588,1.0474653817998851,5.0
0.126450777053833,-0.010942328137253534,1.1487085275866942,5.0
0.13786554336547852,-0.006057360218836778,1.2457539623126868,5.0
0.14916038513183594,-0.0015631897338933619,1.3380394993141478,5.0
0.1587519645690918,0.002540183317576713,1.4251473976906741,4.463731019030424
0.16896486282348633,0.006643556369046789,1.5067874286093677,2.341922877569973
0.17646169662475586,0.009574537120096843,1.582780582347696,-0.19142676090055155
0.18650341033935547,0.013482511454830247,1.6530492559956314,-2.3736592089681112
0.19441008567810059,0.01660889092261697,1.717602321229011,-4.27576220576417
0.20384597778320312,0.020516865257350376,1.7765166349838837,-5.0
0.21143698692321777,0.02383864344187377,1.8299358256618579,-5.0
0.21942377090454102,0.027355820343133833,1.8780474974809922,-5.0
0.22742462158203125,0.030482199810920558,1.9210741265828002,-5.0
0.23641586303710938,0.034194775428917294,1.9592805635023103,-5.0
0.24542808532714844,0.03771195233017736,1.9929588773372253,-5.0
0.2539365291595459,0.04103373051470075,2.022409576298352,-5.0
0.264132022857666,0.04513710356617083,2.0479363233914594,-5.0
0.27584242820739746,0.050217470201324256,2.069857828748556,-5.0
0.2854752540588379,0.05393004581932099,2.088495872879484,-5.0
0.2949552536010742,0.0578380201540544,2.1041542238026594,-4.978383197706091
0.3051760196685791,0.06174599448878779,2.1171283655747253,-4.769988458493572
0.31421732902526855,0.0656539688235212,2.127708370352154,-4.483806362541705
0.32465338706970215,0.0695619431582546,2.1361704428538055,-4.173145659600284
0.33478784561157227,0.07386071492646136,2.1427753994033423,-3.8635506308516687
0.3442962169647217,0.07757329054445808,2.147767250608802,-3.5667591970853447
0.35245728492736816,0.08089506872898149,2.151367193869963,-3.287679782953778
0.36148905754089355,0.08480304306371489,2.1537750506286932,-3.0278765704341843
0.3714580535888672,0.08890641611518496,2.155180723189983,-2.7873083863671875
0.3824789524078369,0.09359598531686505,2.1557624372048623,-2.8412324954769863
0.3914971351623535,0.0971131622181251,2.1556755981671585,-2.6696043926343616
0.40041613578796387,0.10063033911938518,2.15505454925305,-2.4259225643715716
0.4120950698852539,0.10531990832106528,2.1540290963683413,-2.1762279131209206
0.42048120498657227,0.10864168650558867,2.152718718804483,-1.9459243816483631
0.42951130867004395,0.11254966084032206,2.151217854359684,-1.742271369144404
0.44079136848449707,0.11704383132526547,2.1496126096656627,-1.5649866396942542
0.4485137462615967,0.12017021079305219,2.1479812449430455,-1.4110967563067134
0.4581458568572998,0.12388278641104894,2.1463805074904494,-1.2770459301192505
0.46683192253112793,0.12720456459557233,2.14485730375231,-1.1595283861644283
0.4759390354156494,0.13091714021356907,2.143449945764561,-1.0557485518059262
0.4858088493347168,0.13541131069851248,2.142184528483146,-0.6874030861651972
0.49487972259521484,0.1393192850332459,2.141085059869729,-0.5716426483680938
0.5041384696960449,0.14322725936797928,2.140173443450596,-0.5523493609376233
0.513289213180542,0.1471352337027127,2.1394652332335005,-0.8371943878844698
0.5224912166595459,0.15065241060397278,2.1389664905782206,-0.8797667046075646
0.5335750579833984,0.15534197980565284,2.1386791335461983,-0.5496429083272265
0.5433104038238525,0.15905455542364957,2.1386094683712833,-0.707715489410496
0.5535192489624023,0.16315792847511965,2.1387595499413945,-0.7084225680474812
0.5636208057403564,0.16726130152658972,2.139123830996779,-0.6498225391391289
0.5724916458129883,0.17077847842784977,2.139690696199208,-0.5754617566241286
0.5824546813964844,0.1748818514793199,2.140443749994647,-0.5032490190460981
0.5915083885192871,0.17839902838057992,2.1413665781534386,-0.4394093838490376
0.6004793643951416,0.18211160399857668,2.142442832797448,-0.38512250569995266
0.610466718673706,0.18621497705004675,2.1436599865649146,-0.3396046521002095
0.6204979419708252,0.19031835010151682,2.145008720638668,-0.3014835607640861
0.6304948329925537,0.1942263244362502,2.146478711890047,-0.2693694315015895
0.6418840885162354,0.19911129235466699,2.148062653395574,-0.24205879540861935
0.6539027690887451,0.2043870577065571,2.1497562271323316,-0.21857919942905085
0.6645121574401855,0.20849043075802715,2.151550750051062,-0.1981713712089237
0.6734681129455566,0.21181220894255054,2.153433683894572,-0.1802520831146006
0.683483362197876,0.2159155819940206,2.1553926920589825,-0.1643757446814224
0.693138599395752,0.22001895504549068,2.1574157991667344,-0.1502012314051931
0.7033264636993408,0.22431772681369744,2.159491532139293,0.13857291110351397
0.7137455940246582,0.22842109986516748,2.16160903221551,0.18319981253656575
0.7236969470977783,0.2323290741999009,2.163758128594889,0.13853379332041138
0.7340400218963623,0.236432447251371,2.1659293632322667,0.07193959178657353
0.7427451610565186,0.24014502286936773,2.1681140041162825,0.010074138736322069
0.7514562606811523,0.2434668010538911,2.1703013106185254,-0.03863511088741278
0.7614343166351318,0.2473747753886245,2.1724790166455388,-0.07338968424867723
0.771435022354126,0.2514781484400946,2.174639239645817,-0.09616680670385193
0.7824723720550537,0.255972318925038,2.176777871357401,-0.10960553502033302
0.7933237552642822,0.2606618881267181,2.1788937666169574,-0.1161686756236893
0.8024594783782959,0.2639836663112415,2.1809858237924726,-0.11787685616142077
0.8134491443634033,0.2686732355129216,2.1830480120133546,-0.3923210226605247
0.8234663009643555,0.2727766085643917,2.1850751835196713,-0.42169557305378147
0.8357291221618652,0.27785697519954505,2.187067815258496,-0.3615161956095214
0.8451201915740967,0.28137415210080513,2.1890286281302553,-0.27959634076875595
0.8541393280029297,0.2850867277188019,2.190955367279183,-0.2028856685368195
0.8642001152038574,0.28938549948700865,2.1928417066622514,-0.13999275280651544
0.8746800422668457,0.29368427125521535,2.1946847681616872,-0.09181889562486988
0.8824527263641357,0.2964198532895288,2.1964824793368662,-0.05643578141282997
0.8914616107940674,0.29974163147405214,2.1982312876586545,-0.031216848760409997
0.8996117115020752,0.30306340965857553,2.199930697989641,-0.013687777588985844
0.9092776775360107,0.3069713839933089,2.2015827615195147,0.27423724767275465
0.9193615913391113,0.31127015576151573,2.2031895157757857,0.3151948087010201
0.9299683570861816,0.31576432624645917,2.204754882201291,0.26506457194641403
0.9403913021087646,0.32006309801466587,2.2062842913611265,0.19194803442565478
0.9493744373321533,0.3239710723493993,2.2077805243435216,0.12301867377405729
0.9585838317871094,0.32748824925065934,2.2092441103999425,0.34309629819163434
0.9666736125946045,0.33081002743518273,2.2106756103817715,0.33426390790501675
0.9748446941375732,0.33413180561970607,2.2120738997057177,0.24938948014330553
0.984412431716919,0.3382351786711762,2.2134364816838326,0.1531629838276231
0.994940996170044,0.34253395043938295,2.2147631993509664,0.06972619993160001
1.0029208660125732,0.34566032990716966,2.216055836199807,0.005423977975779114
1.011371374130249,0.34898210809169306,2.217314454812389,-0.04056458059942672
1.020371913909912,0.35249928499295313,2.2185377180462487,-0.07143153846958566
1.0293571949005127,0.3560164618942132,2.219726259626749,-0.09070744045569415
1.0413589477539062,0.36109682852936664,2.2208836897729847,-0.10150011178433618
1.0504109859466553,0.36480940414736335,2.222014530037607,-0.10629257394748678
1.060364007949829,0.36871737848209674,2.2231211787555947,-0.10696689006089062
1.0683846473693848,0.37203915666662013,2.224204278740757,-0.10490344040410175
1.0763568878173828,0.3753609348511436,2.225264519584108,-0.1010916443191417
1.089381456375122,0.38063670020303364,2.226303944953257,-0.09622802220872648
1.0988554954528809,0.38434927582103035,2.227325690084984,-0.0907950640525122
1.109405755996704,0.3884526488725004,2.2283311211427264,-0.3611598606493309
1.1190671920776367,0.39216522449049723,2.2293201137475966,-0.3885899449167324
1.1277918815612793,0.3956824013917572,2.2302925973045764,-0.327920256464281
1.1358833312988281,0.39939497700975396,2.2312485429823887,-0.2464746389243948
1.1453568935394287,0.4031075526277507,2.2321879684505674,-0.17085614388379025
1.1575660705566406,0.4081879192629041,2.2331109242958007,-0.10943122261914041
1.1661264896392822,0.4117050961641642,2.2340175129942716,-0.0629341924792217
1.1763956546783447,0.4156130704988976,2.234907901194758,0.24671519098043937
1.1843950748443604,0.41873944996668433,2.235782311515177,0.3032673073813168
1.1944360733032227,0.4230382217348911,2.236641022601755,-0.012100365694299592
1.2036042213439941,0.42733699350309784,2.237484376174672,-0.11112278902987194
1.2113308906555176,0.43046337297088455,2.2383116656504867,-0.1203343080470262
1.2204220294952393,0.43398054987214457,2.2391213294981096,0.1786058441148569
1.233165979385376,0.4388655177905614,2.239914449899874,-0.034247784001178935
1.2427418231964111,0.4425780934085581,2.2406932218660494,-0.09500748693793057
1.2504148483276367,0.44589987159308153,2.2414563502709504,-0.09410851256568142
1.2593562602996826,0.4494170484943415,2.24220181058907,-0.07239694707987984
1.269360065460205,0.4535204215458116,2.2429302724036595,-0.04724016133290808
1.2793452739715576,0.45742839588054507,2.2436435969731785,-0.025186922017749296
1.287696123123169,0.4607501740650684,2.2443435327363725,-0.00802089705922153
1.2970881462097168,0.4648535471165385,2.245031699266523,0.004406150898984863
1.305509090423584,0.46837072401779856,2.245709595447522,0.012893235340210724
1.314420461654663,0.47188790091905863,2.246377523090635,0.018344386661100064
1.3272502422332764,0.476968267554212,2.247035848798399,-0.2544762435523309
1.3373699188232422,0.4812670393224188,2.2476871434933314,-0.28597239307801003
1.3460602760314941,0.4847842162236789,2.2483336723468996,-0.23034612269539118
1.3553602695465088,0.4888875892751489,2.2489763378067402,-0.15447127100262348
1.3641104698181152,0.492404766176409,2.249615922185829,-0.08463894269754868
1.373382806777954,0.49611734179440575,2.250253089122129,-0.02900478198898474
1.382601022720337,0.49963451869566583,2.250887359400258,0.011835135602763423
1.3904800415039062,0.5027608981634525,2.2515162635254726,0.04000970094125156
1.4030656814575195,0.5076458660818692,2.25213882817765,-0.21776562065001767
1.4114034175872803,0.5111630429831293,2.2527563724744293,-0.23998794760397751
1.4210875034332275,0.5154618147513361,2.253368973565149,-0.17926011279220358
1.430321216583252,0.5189789916525962,2.2539767221199587,0.1748288665260958
1.4384896755218506,0.5223007698371195,2.2545807576004253,0.2779669222280764
1.450451374053955,0.5271857377555363,2.2551820082962557,0.27736694687544927
1.4632337093353271,0.5322661043906898,2.255782201010235,0.24014891747766884
1.4744012355804443,0.5373464710258432,2.256383704624371,0.19532951325330528
1.4856300354003906,0.5418406415107866,2.256988323165232,0.1542341989782881
1.4941725730895996,0.54516241969531,2.2575964021646957,0.12029534099155419
1.5028846263885498,0.5488749953133067,2.258206154395508,0.09366570085520491
1.511364221572876,0.5523921722145668,2.2588150175549324,0.07332527208226684
1.5211048126220703,0.5563001465493002,2.2594216664143865,0.057994747570284805
1.5293753147125244,0.5596219247338236,2.2600257950267895,0.046494274916700495
1.5399229526519775,0.5635298990685569,2.260626144190518,-0.2381841222118624
1.548030138015747,0.5668516772530804,2.2612215551815686,-0.2778403464218025
1.5573232173919678,0.5707596515878138,2.261811874206426,-0.22773066419497923
1.5693795680999756,0.5758400182229672,2.2623968781122805,-0.15550443174828477
1.579249620437622,0.5799433912744373,2.2629762926166217,-0.08801360111467764
1.591339111328125,0.584828359192854,2.263549827688941,-0.03381466447196042
1.6003975868225098,0.5885409348108508,2.2641171829665363,0.0062122603172874435
1.6093454360961914,0.5920581117121109,2.2646780578732124,0.033996134456016854
1.6211140155792236,0.5967476809137909,2.265232886765336,0.05215085658536196
1.6323390007019043,0.601437250115471,2.2657834178819716,0.06312978428413535
1.6433367729187012,0.6059314206004144,2.2663310354928985,0.3449929121807145
1.6516685485839844,0.6094485975016745,2.2668747102721722,0.3803484836158121
1.6603612899780273,0.6125749769694612,2.267411474750555,0.3250468814942543
1.6693403720855713,0.6158967551539846,2.267938875045838,0.24716041131258515
1.68033766746521,0.6207817230724014,2.2684562769434087,0.1738341180143995
1.6883304119110107,0.623908102540188,2.2689639029423585,0.11382218798317138
1.6988437175750732,0.6284022730251315,2.2694620137890045,0.06813388337401223
1.7079050540924072,0.6325056460766015,2.26995089687901,0.03492095742602801
1.7171485424041748,0.6362182216945983,2.270430857648753,0.0116165078479135
1.727128028869629,0.6403215947460684,2.270902224416056,0.2718293946653135
1.7380154132843018,0.6446203665142752,2.2713659837901914,0.2945941028920297
1.746912956237793,0.6483329421322718,2.2718230230856187,0.2330400738147586
1.755305290222168,0.651850119033532,2.2722722447203143,0.15323419596456134
1.764301061630249,0.6555626946515287,2.27271216393649,0.08087552924937133
1.7748501300811768,0.6596660677029987,2.2731428687371777,0.023692504844610655
1.7838354110717773,0.6631832446042588,2.2735651420540597,-0.01802349815745594
1.7913496494293213,0.6661142253553088,2.273979111999586,-0.3226551573982394
1.8003363609313965,0.6698268009733056,2.2743843451045542,-0.37415542112465894
1.8093695640563965,0.6735393765913023,2.2747811663233377,-0.3298724603339276
1.8185079097747803,0.6772519522092991,2.2751705315810016,-0.2592025942750021
1.8275635242462158,0.6807691291105592,2.275553301054477,-0.19035298813950396
1.8363754749298096,0.6842863060118193,2.2759302559350685,-0.13288669500748668
1.8483445644378662,0.689171273930236,2.2763026765189722,-0.08840978401758032
1.85831880569458,0.6934700456984426,2.276671668703363,-0.0555051497572683
1.86915922164917,0.6977688174666494,2.2770375619536987,-0.0319126073162544
1.8773415088653564,0.7010905956511728,2.2774006132543616,-0.015418190217102036
1.8853886127471924,0.7042169751189595,2.2777605038087696,-0.0041582904441995324
1.8954150676727295,0.7085157468871662,2.2781169756322206,0.2793649729567792
1.908215045928955,0.7135961135223197,2.27847089029238,0.31729688004569145
1.9173564910888672,0.7173086891403164,2.27882294618082,0.26513374549456337
1.9311590194702148,0.7231706506424166,2.279173114001296,0.19068939815427177
1.9400296211242676,0.7268832262604134,2.279521826610536,0.3969650131912234
1.949357032775879,0.7304004031616733,2.2798689523396583,0.3736381494197722
1.9584460258483887,0.7345037762131434,2.280213289286953,0.27632773379542375
1.9671928882598877,0.7380209531144034,2.280554274153917,0.17036766063762016
1.976374626159668,0.741928927449137,2.2808914477611077,0.0797103997262985
1.9866530895233154,0.7460323005006069,2.2812244217610016,0.010248999134853033
1.9953272342681885,0.7495494774018672,2.2815533831220223,-0.03931265631082939
2.0053420066833496,0.7536528504533371,2.2818780168773594,-0.07257812740923966
2.0136091709136963,0.7569746286378605,2.2821980888019113,-0.0934048501102262
2.022963762283325,0.7606872042558572,2.2825138838265553,-0.10514836031264878
2.035430431365967,0.7655721721742741,2.282826044226505,-0.1104740288283485
2.0477020740509033,0.7702617413759542,2.283136022706872,-0.11139558695705358
2.056288719177246,0.7737789182772141,2.2834446127208285,-0.10938717845314441
2.066286325454712,0.7780776900454209,2.283751117238693,-0.1055042721679118
2.0753073692321777,0.7817902656634177,2.2840553660854614,-0.10048947852521567
2.0871903896331787,0.7866752335818344,2.2843580761721927,-0.09485715420317928
2.09730863571167,0.7905832079165678,2.284658973366562,-0.36499620045191716
2.1053009033203125,0.7939049861010912,2.284956981446164,-0.11615053547437496
2.1152942180633545,0.7980083591525613,2.2852516423759504,-0.022117023080690856
2.1262755393981934,0.8026979283542414,2.2855430121510403,0.004466013103222578
2.1342782974243164,0.8058243078220281,2.285830743725535,0.0042256269153309375
2.1433629989624023,0.8095368834400247,2.2861141691623774,-0.00465693542355316
2.151312828063965,0.8124678641910749,2.2863931793771317,-0.014578708413602823
2.1607871055603027,0.8163758385258082,2.2866681377453633,-0.022775025864198536
2.1684305667877197,0.819502217993595,2.286939392461086,-0.028585146005153102
2.1782901287078857,0.823605591045065,2.2872072519773123,-0.03217996603356671
2.186325788497925,0.8269273692295884,2.28747159103513,-0.03399228402785747
2.195291757583618,0.8308353435643218,2.2877315632739097,-0.03447838853997107
2.2050509452819824,0.834938716615792,2.287986912600802,-0.03403135179106906
2.2136290073394775,0.8380650960835787,2.288238235950606,-0.0329604043169119
2.222827672958374,0.8417776717015754,2.2884856810369216,-0.3075348724362026
2.231449604034424,0.8452948486028355,2.288729427646543,-0.33896923728591744
2.240410089492798,0.8488120255040955,2.2889700309126555,-0.282072328713992
2.2489452362060547,0.8525246011220923,2.2892079809255343,-0.20415829478442632
2.2563209533691406,0.8552601831564056,2.2894433496933737,-0.13183051339890817
2.2663214206695557,0.8591681574911391,2.289675800692343,-0.07346181763498495
2.2742950916290283,0.8624899356756623,2.289905031546285,-0.029796457824797444
2.284280300140381,0.8663979100103958,2.29013084679869,0.001195566938248998
2.2937171459198,0.8701104856283925,2.2903535284683367,0.02220394630791163
2.303267240524292,0.8740184599631259,2.2905736892025543,-0.240298807253736
2.314276933670044,0.8783172317313327,2.290791828779547,-0.2652946770768244
2.3243000507354736,0.8824206047828028,2.2910084052830735,-0.20588057894476153
2.3332889080047607,0.8863285791175362,2.291223850274691,-0.1281045828288514
2.342414140701294,0.890041154735533,2.291438527917664,-0.0576562398303125
2.3503010272979736,0.8933629329200563,2.2916523931983797,-0.278299071105929
2.3592751026153564,0.8968801098213164,2.2918650618449394,-0.271373174023482
2.3693082332611084,0.9009834828727865,2.2920765541062726,-0.18922958876716492
2.379117488861084,0.9046960584907832,2.292287258303039,-0.09620243405241298
2.389294385910034,0.9087994315422533,2.292497540050738,-0.01619150015915178
2.3975830078125,0.9123166084435134,2.292707729445879,0.044620431191736004
2.4063377380371094,0.9158337853447734,2.2929181037408637,0.0871605715930301
2.4153146743774414,0.9195463609627701,2.293128505065492,0.11468864177323601
2.42431378364563,0.9228681391472936,2.293338432027383,0.1307762283066103
2.433626651763916,0.9265807147652902,2.2935482381421988,0.13855402292477106
2.4413068294525146,0.9295116955163404,2.293758586059358,0.14051563529375183
2.4503347873687744,0.9334196698510738,2.2939692662494062,0.13854554300474536
2.4607362747192383,0.9377184416192806,2.2941800871824625,0.13402121283475796
2.472775936126709,0.9427988082544339,2.2943915861746595,0.1279257862453919
2.4803194999694824,0.9459251877222207,2.2946045431589424,0.12094748822603402
2.491283416748047,0.9504193582071641,2.2948188830181544,0.11355941237117444
2.5004985332489014,0.953936535108424,2.2950337977290314,0.10608040951718915
2.5082809925079346,0.9572583132929476,2.295248888413548,0.09872017379758966
2.518937826156616,0.9613616863444175,2.2954641143019914,0.09161198379648186
2.5262999534606934,0.9642926670954678,2.2956791017397102,0.08483616481131112
2.5343048572540283,0.9676144452799911,2.2958931903720488,0.07843674092270217
2.544387102127075,0.9717178183314611,2.296106118337331,0.0724331659029627
2.552250623703003,0.9748441977992479,2.2963176267234684,0.3428668951605806
2.561249256134033,0.9785567734172447,2.2965271474324305,0.09473990573730032
2.569298028945923,0.9816831528850313,2.2967342366139,0.0016819736990395726
2.5792500972747803,0.9857865259365014,2.2969385488826015,-0.02378289845836382
2.589289665222168,0.9898898989879715,2.297140081401187,0.25367927483583574
2.5987682342529297,0.9936024746059682,2.2973391225874344,0.2968836328629436
2.6082828044891357,0.9977058476574382,2.297535925449967,-0.023152816924067676
2.6192541122436523,1.0022000181423816,2.297730715953385,-0.12302968788603447
2.631113290786743,1.0072803847775351,2.2979239390346904,0.14447614694973893
2.6412525177001953,1.0111883591122686,2.2981161858378565,0.201681030991561
2.649301528930664,1.0143147385800553,2.2983073434724437,-0.09815845114071063
2.6580440998077393,1.0178319154813154,2.2984967615133933,-0.17878045648362048
2.6682889461517334,1.0219352885327855,2.29868417190715,-0.17135088780738952
2.6781766414642334,1.0258432628675187,2.29886959018334,0.14111423998683603
2.6873269081115723,1.0295558384855157,2.2990530058640792,-0.061337646700981935
2.6969690322875977,1.0332684141035122,2.299234412094803,-0.11435254214230427
2.7062954902648926,1.036980989721509,2.2994137905030696,-0.1078036657626128
2.7152864933013916,1.0406935653395057,2.2995908630401085,0.19401246229902488
2.724377393722534,1.0442107422407658,2.299765161145721,0.25519307184431334
2.735320568084717,1.0485095140089724,2.2999367600138254,-0.051835947926952425
2.7440834045410156,1.0522220896269692,2.3001061890545698,-0.1424325635279315
2.7543513774871826,1.056520861395176,2.300273689338613,-0.1444153972595737
2.763460159301758,1.060038038296436,2.3004392325885754,-0.11575487005311927
2.7717318534851074,1.0633598164809595,2.3006025492218845,-0.08128362235318658
2.780285358428955,1.0668769933822195,2.3007629768260385,-0.05051545624911625
2.7883427143096924,1.0700033728500062,2.3009199756734566,-0.02617944850368088
2.798434019088745,1.0741067459014764,2.301073549176369,-0.008224283839317852
2.808281183242798,1.0782101189529465,2.301223963882201,0.0043634594727693975
2.81860089302063,1.0823134920044164,2.3013714629516233,0.012778860366504
2.82755970954895,1.0858306689056765,2.3015162419098303,0.018098494507274784
2.8372621536254883,1.08973864324041,2.3016584974785217,0.021193379332714212
2.846803665161133,1.09384201629188,2.3017985978028137,0.022729546209857475
2.855656147003174,1.0969683957596668,2.301937035779287,0.02319917964641723
2.863541841506958,1.09970397779398,2.302073851332682,0.022957768806449043
2.8713009357452393,1.1030257559785035,2.3022085124141083,0.022257776543368725
2.8800835609436035,1.1065429328797636,2.30234058233805,0.021276026273521164
2.88954496383667,1.1102555084977603,2.30247007517104,0.020134770161426695
2.8993046283721924,1.1141634828324936,2.3025972153302154,0.01891737458750286
2.9083025455474854,1.1180714571672272,2.302722036211818,0.01767975877088547
2.916670083999634,1.1213932353517506,2.302844390712087,0.01645862193602409
2.9270458221435547,1.125301209686484,2.302964356255345,0.29131566354730604
2.939472198486328,1.1303815763216374,2.303082378271226,0.3233128930709184
2.9478607177734375,1.1340941519396341,2.3031990122689434,0.2671500347759703
2.95727276802063,1.137806727557631,2.303314369959686,0.19006477086214116
2.9652414321899414,1.141128505742154,2.3034280048581457,0.118607915232304
2.9742026329040527,1.144841081360151,2.3035395416381057,0.061116914656817026
2.983274459838867,1.1481628595446745,2.303649034462279,0.018312806542338116
2.993933916091919,1.1522662325961444,2.3037566945970736,-0.011849095336546456
3.0032620429992676,1.1559788082141411,2.3038626958710795,-0.3081056159851562
3.0142529010772705,1.160277579982348,2.303967195961206,-0.3540202378838866
3.0267679691314697,1.1653579466175013,2.3040704557531644,-0.0303143876911173
3.035698890686035,1.1688751235187615,2.304172815398237,0.0752305559520557
3.0471878051757812,1.1737600914371782,2.3042744051053754,0.08957138172268114
3.057572841644287,1.1778634644886483,2.304375184353554,0.0707448680612286
3.067760705947876,1.1819668375401182,2.3044751000339403,0.04396657028162153
3.0766422748565674,1.1852886157246416,2.3045740782708704,0.01918807575071118
3.0871169567108154,1.1895873874928484,2.3046720409386086,-0.0004688250822710398
3.096642255783081,1.1932999631108452,2.3047689135065816,-0.014736135685263139
3.1072099208831787,1.1975987348790518,2.304864623905662,-0.024380375591426785
3.1166958808898926,1.2015067092137852,2.30495910694256,-0.030411016643906812
3.1252622604370117,1.2048284873983088,2.305052182856612,-0.03376732486581927
3.133225202560425,1.2081502655828322,2.3051435719274753,-0.03521959145573576
3.142716646194458,1.2120582399175657,2.3052332648529843,-0.03536019089056659
3.151270866394043,1.2149892206686155,2.305321379978654,-0.03462739731825182
3.1612656116485596,1.2190925937200856,2.305407806179424,-0.033337073208443674
3.1692795753479004,1.222414371904609,2.3054924474254883,-0.307750700646648
3.177520990371704,1.225931548805869,2.3055752240127125,-0.3390710431835573
3.1862823963165283,1.2296441244238658,2.3056559737852065,-0.2820956303820841
3.1952872276306152,1.2333567000418626,2.305734573518482,-0.20412916522936325
3.2042627334594727,1.236678478226386,2.3058109345065145,-0.13176765961580206
3.214110851287842,1.2405864525611194,2.305885098761368,-0.07337842512509388
3.2242517471313477,1.2444944268958527,2.3059572121148775,-0.029701675387581093
3.232241630554199,1.2476208063636394,2.3060274105587073,0.0012954919138929172
3.2416727542877197,1.2513333819816361,2.3060958153686766,0.02230482598073563
3.249892473220825,1.254459761449423,2.3061625338051637,0.035838646361474956
3.257253885269165,1.257390742200473,2.3062275849890965,-0.2320744979720157
3.266225576400757,1.2611033178184698,2.3062908993604085,-0.2608868138657479
3.2752387523651123,1.265011292153203,2.3063525131767593,0.07193467846295326
3.2832303047180176,1.2681376716209898,2.3064124837618127,0.18106459767661295
3.29386043548584,1.27224104467246,2.3064707835881477,0.19525837052453449
3.3023335933685303,1.2755628228569833,2.3065274720203037,0.1738427869552489
3.311802625656128,1.2794707971917167,2.3065826919435795,0.14294383805433392
3.320223331451416,1.2831833728097135,2.306636497504076,0.11314671975120938
3.329225540161133,1.2867005497109734,2.3066888694209964,0.0880080827410526
3.338273286819458,1.2904131253289703,2.3067398887202017,-0.20794863893238122
3.346266031265259,1.2937349035134937,2.3067897132524906,-0.25634326340352614
3.356302261352539,1.2974474791314903,2.3068384765383083,-0.21275179476517425
3.3658974170684814,1.301355453466224,2.3068862913378565,-0.14527016164967232
3.374077081680298,1.3044818329340107,2.3069331927119308,-0.08117416392474083
3.383579969406128,1.3079990098352705,2.3069791472445575,-0.3054108500748629
3.3916757106781006,1.311320788019794,2.307024195309873,-0.30018240018461095
3.4023256301879883,1.3158149585047374,2.3070684453364017,-0.21845739316634755
3.4116742610931396,1.3195275341227342,2.3071119916329215,-0.12500675736828837
3.420198678970337,1.3228493123072576,2.3071548481697635,-0.04403600881637031
3.4281980991363525,1.325975691775044,2.307196973924872,0.018060205923235862
3.4372546672821045,1.3294928686763046,2.3072384069906957,0.062063817503686745
3.4453508853912354,1.3330100455775644,2.3072792379704623,0.09113615885654983
3.453864336013794,1.3363318237620878,2.3073194725234702,0.10878325243277051
3.4629926681518555,1.3400443993800844,2.3073590528968335,0.11809306941626035
3.47025465965271,1.343170778847871,2.3073979449037405,0.1215323012770326
3.483370780944824,1.3482511454830246,2.307436174880224,0.12096936305943222
3.493224859237671,1.3523545185344947,2.3074738725077313,0.11777305198123328
3.5028648376464844,1.3560670941524915,2.307511156663479,0.11292281732292797
3.510281801223755,1.3589980749035415,2.3075480096888623,0.10710649004908791
3.520236015319824,1.362710650521538,2.3075843473381403,0.1007989052544862
3.5292344093322754,1.3662278274227981,2.307620153690682,0.09432198978611975
3.5382449626922607,1.3699404030407951,2.3076554762159165,0.08788929990236052
3.547739028930664,1.3738483773755286,2.307690397614561,0.08163839013600413
3.55619740486145,1.3773655542767886,2.3077249752591693,0.07565402574132715
3.5682549476623535,1.3824459209119417,2.307759211930421,0.06998466988240365
3.577253818511963,1.3859630978132023,2.307793121346179,0.06465410834672262
3.5868709087371826,1.3896756734311988,2.307826664524147,0.05966959597461785
3.595245122909546,1.392997451615722,2.307859751472089,0.05502753363222241
3.6042330265045166,1.396514628516982,2.307892307365814,0.05071740164094508
3.6133193969726562,1.4004226028517157,2.307924329860082,0.04672446748126591
3.6248795986175537,1.404916773336659,2.307955925032244,0.04303163490396851
3.6358399391174316,1.4090201463881293,2.3079872220961204,0.03962069360703692
3.644570827484131,1.4123419245726525,2.3080182739554562,0.036473151825532346
3.6542258262634277,1.416054500190649,2.3080490945502543,0.03357077980454477
3.6639244556427,1.4199624745253827,2.308079703297567,0.03089595377279008
3.6712334156036377,1.423284252709906,2.3081100606788345,0.3044702227290414
3.6819710731506348,1.427583024478113,2.308140137303809,0.33532558681830127
3.6902246475219727,1.4311002013793728,2.308169972955082,0.002100677642854515
3.6985087394714355,1.4342265808471597,2.308199563472718,-0.10903219523346404
3.706658124923706,1.4377437577484196,2.308228891527304,-0.12622780023211128
3.7151999473571777,1.4410655359329432,2.308257942003642,-0.10839370642171664
3.7232186794281006,1.4441919154007297,2.3082866717412074,-0.08136780294162496
3.732229471206665,1.4477090923019897,2.308315049940766,-0.055540644773921996
3.742011785507202,1.4516170666367234,2.308343107616771,-0.034340154911311455
3.7502498626708984,1.4551342435379833,2.308370923793646,-0.018245463457927553
3.759760856628418,1.4588468191559802,2.308398512060083,-0.006633884906912502
3.768939256668091,1.4621685973405036,2.3084258822268837,0.0014075379836366183
3.7789700031280518,1.4660765716752369,2.3084530878837164,0.0067546099465943515
3.788219928741455,1.4699845460099703,2.3084801787959988,0.01013710191853987
3.7967071533203125,1.4733063241944937,2.3085071993062183,0.012122680435614057
3.8048272132873535,1.4764327036622804,2.3085341360908402,0.28917408041554793
3.8141207695007324,1.4797544818468038,2.308560931866778,0.3226484602665456
3.8238372802734375,1.483662456181537,2.308587566272393,0.2674591259412409
3.83357834815979,1.4877658292330072,2.30861405969799,0.19099653966159655
3.843309164047241,1.4920646010012137,2.308640445883564,0.11991989916985482
3.851494312286377,1.4951909804690007,2.308666707649701,0.06264305612522043
3.8591818809509277,1.498121961220051,2.3086927301576283,0.019940631363565702
3.87083101272583,1.5026161317049942,2.308718444102483,-0.28623301726131767
3.880182981491089,1.506328707322991,2.3087439060627544,-0.3395982508455939
3.888193130493164,1.5094550867907774,2.3087691324016637,-0.2973446013957316
3.8969762325286865,1.5127768649753008,2.3087940589340263,-0.22876172978750187
3.9072012901306152,1.5168802380267712,2.308818658430037,-0.16198645349244473
3.9181997776031494,1.5211790097949778,2.308842942985213,-0.10653668794227741
3.927208423614502,1.5248915854129745,2.3088669176422307,-0.06399075205128571
3.9362246990203857,1.5286041610309713,2.3088905790978123,0.24312267157349826
3.9458301067352295,1.5323167366489678,2.308913920122321,0.2981194440222792
3.9532079696655273,1.5354431161167548,2.308936927943043,0.25790783469885814
3.9652230739593506,1.5405234827519083,2.3089595790881057,0.19158443819980514
3.977093458175659,1.5450176532368518,2.308981871455578,0.12715547830662433
3.986083507537842,1.5485348301381114,2.3090038117764373,0.0740521636406426
3.9958629608154297,1.5526382031895818,2.309027223294761,0.03379671056061439
4.004206418991089,1.5555691839406316,2.309056464078749,0.004921244469744651
4.012730360031128,1.5586955634084183,2.309093229851924,-0.014862582187014462
4.022506952285767,1.5624081390264153,2.3091351724474776,-0.02778162289495493
4.0316479206085205,1.5659253159276751,2.30918093247054,-0.03570220531806431
4.042221307754517,1.5700286889791455,2.3092308026826083,-0.0400799470493205
4.051955938339233,1.5739366633138787,2.3092849264496067,-0.042004163784222795
4.062887191772461,1.5786262325155591,2.309343213933123,-0.04226869432527365
4.073205947875977,1.5827296055670288,2.309405275011079,-0.04144132077726135
4.082942485809326,1.5864421811850258,2.3094705177824078,-0.039922259237279364
4.091961145401001,1.5899593580862856,2.3095383302267223,-0.03799002874564566
4.10221791267395,1.5940627311377558,2.309608102820332,-0.03583600130011935
4.111887216567993,1.597970705472489,2.3096792476290284,-0.033589788434414944
4.120110511779785,1.6012924836570126,2.3097511107069852,-0.031337594846733985
4.128209352493286,1.6044188631247993,2.3098230054281506,-0.02913534111001187
4.136337757110596,1.6077406413093227,2.30989433298114,-0.027017972122002184
4.1441802978515625,1.610671622060373,2.3099645757997456,-0.025006020465272456
4.152871608734131,1.6139934002448963,2.310033284777851,-0.023110211758513487
4.1618969440460205,1.6173151784294195,2.3101000760644887,-0.021334682194727214
4.170185089111328,1.6204415578972062,2.3101646290525464,-0.019679216945790813
4.180173397064209,1.624740329665413,2.310226679997917,-0.29417915987895416
4.189194440841675,1.62845290528341,2.3102860436840884,-0.3258776454920955
4.200849533081055,1.6333378732018264,2.3103426314975595,-0.26946081783586107
4.2082273960113525,1.6362688539528767,2.310396375893229,-0.19215652674754172
4.217928409576416,1.6395906321374,2.3104471917266833,-0.12050840941985799
4.226694583892822,1.6429124103219235,2.310495034895872,-0.06284862142235723
4.235426187515259,1.64662498593992,2.3105399081594884,-0.019894251731605517
4.246194124221802,1.6507283589913901,2.3105818330202053,0.010402374043902774
4.255180358886719,1.6542455358926502,2.3106208519579026,0.030742018892762624
4.264222860336304,1.657958111510647,2.3106570308185788,0.04364207913536171
4.2732627391815186,1.661475288411907,2.310690445088975,0.05117187673897672
4.283144950866699,1.6651878640299036,2.3107211789748816,0.054927725707224345
4.293525218963623,1.669291237081374,2.310749346900905,0.05609561920255321
4.302361488342285,1.6726130152658973,2.310775075009466,0.05553514384095247
4.310168743133545,1.6755439960169474,2.3107984784144313,0.05385820230005313
4.319191217422485,1.679256571634944,2.3108196830321868,0.05149407911459649
4.329638242721558,1.6837507421198874,2.3108388462194793,0.04873993789546735
4.3371617794036865,1.686486324154201,2.310856125945558,0.045798618446414585
4.34550142288208,1.6898081023387241,2.310871643904806,0.042806294881219495
4.354189157485962,1.6933252792399842,2.3108853945658763,-0.23618594574914412
4.364765167236328,1.6974286522914546,2.3108973482726523,-0.27216904292709004
4.3726115226745605,1.7005550317592413,2.3109076700079183,-0.21980037893449272
4.382695198059082,1.7040722086605014,2.3109165435941232,-0.14629488945626676
4.390194892883301,1.7068077906948147,2.310924119303362,-0.3542322061778391
4.400197267532349,1.7109111637462844,2.310930661480062,-0.332996870165784
4.408196210861206,1.7142329419308078,2.310936322118965,-0.23800669137376523
4.41800856590271,1.7181409162655412,2.310940975556375,-0.1344595068806529
4.428920030593872,1.7222442893170116,2.310944147906616,-0.04621741752284899
4.4379425048828125,1.7257614662182716,2.3109448298648765,0.02088504323366044
4.448831558227539,1.729669440553005,2.3109415091108305,0.068180455517969
4.456174612045288,1.7326004213040551,2.3109326474369025,0.09929370439397808
4.465146064758301,1.7363129969220519,2.310916620507074,0.1180932549133784
4.476171255111694,1.7408071674069951,2.3108907360534756,0.12793876090434428
4.484492778778076,1.7443243443082552,2.310851091533993,-0.14454320639069462
4.4933013916015625,1.7476461224927786,2.310794170470242,-0.17839016814241163
4.502590894699097,1.7513586981107754,2.310716884777191,-0.12682505335864688
4.510163307189941,1.7542896788618254,2.310615808930113,0.22000563857963118
4.519156217575073,1.7576114570463488,2.3104871752748743,0.31733558755173075
4.528458833694458,1.7613240326643456,2.3103248646062484,0.035987220254784916
4.541241884231567,1.7662090005827624,2.310117823927576,-0.03823286205882807
4.552692174911499,1.7707031710677057,2.3098517734455495,-0.031197026623508987
4.561663866043091,1.774024949252229,2.3095144383210657,0.0010407699137712414
4.569189548492432,1.7769559300032791,2.309099266644509,0.035255927344791015
4.579153299331665,1.7806685056212759,2.308602805605714,0.06318384394359353
4.58819842338562,1.7843810812392726,2.3080172707040414,0.08302275871337667
4.5980095863342285,1.788289055574006,2.307330782429633,0.09549134798336287
4.606640815734863,1.7914154350417928,2.306531296404688,0.10207176430524677
4.615205526351929,1.7947372132263162,2.3056122516310147,0.10428104866512737
4.624648571014404,1.7986451875610496,2.304566373213205,0.10341169192083086
4.632140159606934,1.8013807695953632,2.3033812362151447,0.1004752502193256
4.642178297042847,1.8054841426468329,2.302044885293103,0.09622542808234986
4.652953624725342,1.809587515698303,2.3005459356178317,0.09120545851408998
4.663122653961182,1.8133000913163,2.2988814355727922,-0.19024152948981643
4.672693252563477,1.8170126669342965,2.2970482663838943,-0.22890183167681433
4.682207822799683,1.8205298438355566,2.29503618413905,-0.17929254163508312
4.6931538581848145,1.8248286156037634,2.2928356548834885,-0.10853469750396237
4.701240062713623,1.8277595963548137,2.2904381681327775,-0.04310859297100033
4.709677219390869,1.8312767732560733,2.2878363883566424,0.008687034665787251
4.72215723991394,1.8357709437410168,2.2850240918111537,0.04614823507507422
4.73016095161438,1.838701924492067,2.281996080187192,0.07132234301835727
4.738175392150879,1.8418283039598535,2.2787482394666285,0.08690105856218952
4.748183965682983,1.8455408795778505,2.2752878057685604,0.0953872890972877
4.757571220397949,1.8490580564791106,2.2716317914583346,-0.17720565148990564
4.765883922576904,1.8523798346636338,2.267784951484686,-0.21034859897037506
4.775123596191406,1.8558970115648938,2.2637521419388302,-0.15756730546158215
4.78718900680542,1.8603911820498373,2.259537406848408,0.1907823152234579
4.79729151725769,1.8644945551013075,2.2551223948436507,0.2897907618675507
4.807253837585449,1.8680117320025675,2.250491999565774,0.01018389678709719
4.817856073379517,1.8721151050540379,2.2456452937904943,-0.06229564138622955
4.828191041946411,1.8760230793887709,2.2405827343163613,0.22247683933287182
4.83755087852478,1.8799310537235043,2.2352937332936,0.28946961704804813
4.845893383026123,1.8828620344745544,2.229771106180248,-0.0059032924532857745
4.8542234897613525,1.8857930152256044,2.2240481332118645,-0.08572790124495008
4.862176418304443,1.888919394693391,2.2181673814861687,-0.0799505467226419
4.875708103179932,1.8939997613285446,2.2121157981378623,-0.046747650811881196
4.8832457065582275,1.896735343362858,2.205858359285501,-0.010461308987290922
4.893441200256348,1.900447918980855,2.1994055844303175,0.020049033182651187
4.901470899581909,1.9035742984486415,2.1927940469522365,0.04266195005341242
4.909165143966675,1.9063098804829548,2.1860694851224634,0.057923498371681856
4.9191741943359375,1.9102178548176882,2.1792719101999642,0.0672231298550843
4.930118560791016,1.9145166265858953,2.1723971580211487,0.07202941657764525
4.93816614151001,1.9176430060536815,2.1654165768783313,0.07361129881093706
4.949423313140869,1.9219417778218884,2.158320002566712,0.07297102958862074
4.960160255432129,1.9258497521566218,2.151113050323513,0.07086122639486198
4.968155384063721,1.928780732907672,2.143814555495371,0.06782876115232123
4.977400064468384,1.9322979098089321,2.1364545978103284,0.06426142199229426
4.985776662826538,1.9356196879934555,2.1290466444292795,0.06042851080739097
4.9951324462890625,1.9391368648947156,2.1216025974510164,-0.2195251632527794
5.004195690155029,1.9424586430792388,2.1141327106585073,-0.25652586324974014
5.0135321617126465,1.9459758199804988,2.10663283794607,-0.20518726223969802
5.0211944580078125,1.9487114020148124,2.099126028778586,-0.13269549335066588
5.0347771644592285,1.9535963699332293,2.0916186417412397,-0.0655734945731472
5.044159412384033,1.9573089455512258,2.0840634970292053,-0.012146859604440001
5.054137229919434,1.9608261224524859,2.0764475989006534,0.02686456988888913
5.062169551849365,1.9637571032035361,2.0688001775417577,0.05349975677686047
5.070138454437256,1.966688083954586,2.061146355057593,0.07044711095588295
5.08236026763916,1.9715730518730028,2.053494279057159,0.08020962037722576
5.092732191085815,1.9752856274909993,2.0458244930087095,0.08484121755193381
5.102251291275024,1.978607405675523,2.0381207471416323,-0.19011579676931536
5.11316442489624,1.9825153800102562,2.030382918775948,-0.22453876203128037
5.122688055038452,1.9852509620445697,2.0226114298500626,-0.7243516543094036
5.130687475204468,1.9877911453621464,2.0148071369286753,-0.99432507402339
5.138882398605347,1.9901359299629864,2.0069712981902934,-1.6791400522951796
5.1509690284729,1.9930669107140364,1.9990924385871796,-2.899346205280829
5.159165859222412,1.9946301004479299,1.9911745662198848,-4.025316992993668
5.168168306350708,1.9961932901818233,1.9832608621516314,-5.0
5.177980184555054,1.99756108119898,1.9753747498482297,-5.0
5.186655759811401,1.9983426760659266,1.9675095694235165,-5.0
5.195856094360352,1.9987334734993998,1.959659506225506,-5.0
5.2044737339019775,1.9987334734993998,1.9518195569299286,-5.0
5.213369846343994,1.9985380747826633,1.9439984565665651,-5.0
5.222214460372925,1.9979518786324533,1.9362164320439181,-5.0
5.234014272689819,1.9969748850487696,1.9284641364048714,-5.0
5.246155500411987,1.9952162965981397,1.9207073795567988,-5.0
5.255128383636475,1.9936531068642462,1.912930495955431,-5.0
5.264122724533081,1.991503720980143,1.9051336866495918,-5.0
5.275186777114868,1.9889635376625665,1.8973046896126402,-5.0
5.284122467041016,1.9864233543449896,1.8894337930133847,-5.0
5.292543888092041,1.9836877723106763,1.881539325307369,-5.0
5.301528215408325,1.9805613928428896,1.8736372877292296,-5.0
5.309123516082764,1.9774350133751026,1.865754218011738,-5.0
5.319359302520752,1.973136241606896,1.8579253020956135,-5.0
5.329858779907227,1.9690328685554261,1.8501541040712552,-5.0
5.339091539382935,1.964929495503956,1.8424429511935643,-5.0
5.350135564804077,1.9604353250190127,1.834793164523886,-4.463031576420771
5.359089612960815,1.956527350684279,1.8271923938397243,-2.655099916035002
5.369791746139526,1.9522285789160723,1.8196168731790867,-0.47352555019973486
5.381102085113525,1.9477344084311288,1.8120334432993084,1.419544943883973
5.389092206954956,1.9446080289633423,1.8044396363753068,3.9471526967759165
5.398121356964111,1.9407000546286088,1.7968589740826526,5.0
5.407117128372192,1.9365966815771387,1.789298392767913,5.0
5.418118476867676,1.9321025110921954,1.7817507630309795,5.0
5.426316261291504,1.9285853341909356,1.7742099842790495,5.0
5.436100006103516,1.9244819611394652,1.7666708563100761,5.0
5.444735288619995,1.9207693855214683,1.7591289903256573,5.0
5.4541099071502686,1.9168614111867353,1.751593493639465,5.0
5.465448617935181,1.9119764432683182,1.7440721625059248,5.0
5.474124431610107,1.908068468933585,1.7365588639825555,5.0
5.484097003936768,1.9037696971653784,1.7290610612009918,5.0
5.492826700210571,1.9002525202641178,1.7215850112933269,5.0
5.502299547195435,1.8965399446461213,1.7141232220135711,5.0
5.510096073150635,1.8936089638950713,1.7066819193750002,5.0
5.520479440689087,1.888919394693391,1.699266309919228,5.0
5.5281195640563965,1.8857930152256044,1.691868050339226,5.0
5.53753662109375,1.8816896421741343,1.6844801105725207,5.0
5.547165632247925,1.877781667839401,1.6770842959117602,4.974965860369776
5.555116176605225,1.8744598896548776,1.6696781033817705,4.769114089859023
5.563095808029175,1.8711381114703542,1.6622971506762083,4.486921509523562
5.572275638580322,1.8672301371356208,1.6549715446437845,4.179920720574026
5.582780361175537,1.862931365367414,1.6477018155493073,3.8731027897042694
5.591418504714966,1.8592187897494172,1.640476092686382,3.854200272203587
5.599175930023193,1.8558970115648938,1.6332965770362429,3.609309233187753
5.60811972618103,1.852184435946897,1.6261772747077337,3.2948674768588737
5.618213891983032,1.8478856641786905,1.6191180796696623,2.978235913535417
5.6269683837890625,1.8441730885606937,1.6121070958581447,2.40928203875
5.638711452484131,1.8390927219255402,1.605123428055757,2.114308591096727
5.64712381362915,1.8357709437410168,1.5981503044844922,2.2142684526196272
5.658140659332275,1.8312767732560733,1.5911972246365857,1.8437565252192072
5.6690943241119385,1.8265872040543936,1.5842729951867782,1.6460632293675828
5.677619934082031,1.8230700271531333,1.5773743677132983,1.5218265003339542
5.688115119934082,1.8185758566681898,1.5704992117361631,1.702624206006866
5.697821855545044,1.8144724836167199,1.5636462477582767,1.3747832257480477
5.7063305377960205,1.8111507054321965,1.5568147657045892,1.2049913358379825
5.716488361358643,1.8068519336639899,1.5500043879385093,1.1038918160731148
5.724092721939087,1.8037255541962032,1.5432254838324104,1.3069118061360854
5.736207008361816,1.798449788844313,1.5364865820309508,1.2775631788993693
5.74411153793335,1.7947372132263162,1.5297838066732776,0.8875989782417177
5.756101131439209,1.7898522453078993,1.5231132774197746,0.9970352926858572
5.766122817993164,1.7857488722564294,1.5164603299486632,0.9584828900575039
5.774108409881592,1.7822316953551693,1.5098119619646129,0.8681012823505247
5.783081293106079,1.778323721020436,1.5031781875023909,0.4917476010057082
5.792542219161987,1.7744157466857025,1.4965777217314282,0.36495549987154075
5.804461240768433,1.769335380050549,1.4900037619909692,0.6142716204609197
5.812678337097168,1.7660136018660257,1.483438948637769,0.6539149064091105
5.821427345275879,1.762301026248029,1.47688998803452,0.6106643363957995
5.830281496047974,1.758588450630032,1.470361882737412,0.5416115810286249
5.839006185531616,1.755071273728772,1.4638471822394445,0.47087120652500225
5.848543643951416,1.750967900677302,1.4573390699568674,0.4073776353367585
5.860161781311035,1.7460829327588854,1.4508313988553911,0.3533927817178353
5.868319511413574,1.742761154574362,1.444318707112641,0.30848614396319785
5.877191543579102,1.7388531802396283,1.4378074934562606,0.27133311916269
5.886099338531494,1.7347498071881584,1.4313143385446736,0.2404798350154994
5.894151449203491,1.7312326302868983,1.4248529448597174,0.2146314333265238
5.905791997909546,1.7263476623684817,1.4184231344194516,0.19273022291003034
5.91411828994751,1.723025884183958,1.4120130244826434,0.17394847538749983
5.92449688911438,1.7189225111324882,1.4056123290144864,0.43369070492023565
5.936628580093384,1.7136467457805982,1.3991896680190998,0.452523983315745
5.949190616607666,1.7081755817119713,1.392696328832533,0.10873760907143865
5.959050893783569,1.7040722086605014,1.3861147764903075,-0.01175937384667107
5.96716833114624,1.701141227909451,1.3794764988267063,0.23871672616157522
5.9774253368377686,1.696842456141244,1.3728202824677216,0.282152739477946
5.9881978034973145,1.692348285656301,1.366156997100023,0.24728316947570372
5.999172925949097,1.6876587164546208,1.3594850729587782,-0.08518133776722073
6.00712776184082,1.6841415395533608,1.3528037052697564,0.10279573698524024
6.017560005187988,1.6794519703516808,1.346112776322401,0.14536744841461513
6.02824330329895,1.6751531985834738,1.3394127706329215,0.13128559830147965
6.036088943481445,1.6718314203989504,1.3327046502304996,-0.17597693396521918
6.045174598693848,1.6681188447809538,1.3259898094120308,0.034924677810326085
6.0547051429748535,1.6642108704462204,1.3192700671716224,0.09614638191767005
6.065291166305542,1.659716699961277,1.3125474603308522,0.09638527539246577
6.074080467224121,1.6561995230600168,1.30583472984392,0.0757856907786702
6.086049795150757,1.6513145551416004,1.2991429390552687,0.05148060900760868
6.097201108932495,1.64662498593992,1.2924603438156865,0.029982555380281273
6.105419874191284,1.6433032077553966,1.2857877225341872,0.013113204339928368
6.114084482192993,1.6393952334206634,1.2791574273590554,-0.2752562459005606
6.123194217681885,1.6356826578026666,1.2725964081846153,-0.31691709790832057
6.131078481674194,1.6323608796181432,1.2661057422080921,-0.2674192142287076
6.146344184875488,1.625912721965833,1.2596542876775405,-0.19476378498620253
6.156017065048218,1.6212231527641532,1.2531944666267851,-0.4021573518872476
6.166737079620361,1.6169243809959462,1.2467070151063713,-0.3794576699341103
6.175186395645142,1.6137980015281594,1.2402072661918182,-0.28242740938179983
6.18308424949646,1.6104762233436363,1.2337187165709174,-0.17650932311287965
6.1928980350494385,1.6065682490089026,1.2272505528237947,-0.08573568147697141
6.201395511627197,1.6028556733909058,1.220799727734321,-0.01605671474593197
6.210172653198242,1.5991430977729093,1.2143738282364944,0.03378344356373997
6.2190916538238525,1.5954305221549125,1.2079893966997433,0.34339883383868575
6.227153778076172,1.5919133452536525,1.201649377589748,0.3976757789696158
6.235537767410278,1.5883961683523924,1.1953451770651022,0.35464901584163405
6.244168519973755,1.5848789914511323,1.1890690846224452,0.008171395779886487
6.25292706489563,1.5813618145498722,1.1828142825767,-0.09424634947359713
6.262142896652222,1.577453840215139,1.1765748170313457,0.17855187243169854
6.272425651550293,1.5729596697301953,1.170355955182964,0.24215699145233133
6.281105995178223,1.569051695395462,1.1641723572636,-0.052627284845905314
6.289125204086304,1.5659253159276751,1.1580360356173425,-0.13013404684337893
6.2980637550354,1.5622127403096786,1.1519566108897157,-0.12138955589436962
6.307057857513428,1.5586955634084183,1.1459310735696133,0.19096141957248425
6.31548810005188,1.5551783865071585,1.1399457389100052,0.2633971010019122
6.325093746185303,1.5514658108891617,1.1339884526662467,-0.034381846610971656
6.333055257797241,1.5481440327046383,1.1280589204071363,-0.11834096289115384
6.341040134429932,1.5450176532368518,1.1221668285929605,0.15996058984444878
6.3513994216918945,1.5405234827519083,1.11629855268237,0.22407489622658977
6.3597002029418945,1.5368109071339113,1.1104314051361839,0.20435029231552695
6.369083642959595,1.5327075340824412,1.1045668660264165,0.15892503052538814
6.378454208374023,1.5286041610309713,1.0987055088252031,0.11194785627206848
6.386078357696533,1.5256731802799213,1.0928473464111566,0.07205325503843059
6.397090435028076,1.5209836110782413,1.086991478855548,0.041154577491076885
6.40705132484436,1.5166848393100343,1.0811254703362687,0.018529481174820953
6.416791677474976,1.5127768649753008,1.0752491984785806,0.002644892540889336
6.426043748855591,1.5088688906405676,1.0693615748824534,-0.008082919489277585
6.436038970947266,1.504570118872361,1.0634495863864095,-0.015014970133459165
6.444483757019043,1.5014437394045743,1.05750131697478,-0.019227516347367496
6.452488660812378,1.498121961220051,1.051517775920772,-0.021533268157993446
6.461419582366943,1.494409385602054,1.0455109846080073,-0.022528540108751022
6.469039678573608,1.4912830061342672,1.0394906321239001,0.25339596628597444
6.4792139530181885,1.4869842343660604,1.033464319009574,0.2869838738188428
6.487099647521973,1.4832716587480639,1.0274253365491057,0.23271388760116862
6.496408939361572,1.4795590831300671,1.021354781308782,0.1576723903258673
6.507210969924927,1.4752603113618603,1.0152357086489197,0.08830828228850356
6.516611337661743,1.4713523370271269,1.009053082312818,0.03289177472534936
6.525588035583496,1.4674443626923934,1.0027937007047378,-0.007899170344864249
6.5344908237457275,1.4639271857911336,0.9964461509316939,-0.03613561468481201
6.5423431396484375,1.4609962050400835,0.9900007600869877,-0.0545309579888197
6.551989555358887,1.4568928319886134,0.9834630142858968,-0.06560798003570066
6.562544345855713,1.45239866150367,0.9768513450143784,-0.07143657268830778
6.571464776992798,1.4484906871689365,0.9701681104067903,-0.07361049959981689
6.579055309295654,1.445168908984413,0.9634157487198449,-0.07331125203428791
6.587157487869263,1.4422379282333628,0.9566102976481207,-0.07139276430015848
6.598127841949463,1.4373529603149464,0.9497518207479348,0.20757767894903734
6.6080567836761475,1.433249587263476,0.9428268971969754,0.24422517583071576
6.619628667831421,1.4283646193450594,0.9358107366917023,-0.08308740221416354
6.627062797546387,1.425042841160536,0.9286833052414772,-0.18837032605163767
6.639139175415039,1.4199624745253827,0.9214429205260911,0.07614285788614886
6.648875713348389,1.4158591014739124,0.914075780550218,0.13252080960599957
6.658710479736328,1.411951127139179,0.9065720146274471,-0.16646120366901496
6.66915225982666,1.4078477540877092,0.898939183694573,0.031011710651307603
6.6801886558532715,1.4033535836027657,0.8911856763397167,0.07441275772999531
6.690772533416748,1.3986640144010856,0.8833205391717208,0.059063511519075955
6.701810359954834,1.394169843916142,0.8753533032285369,0.02700426551081225
6.712744474411011,1.3896756734311988,0.8672938459615657,-0.004668394876769405
6.721729755401611,1.3857676990964651,0.8591522617352295,-0.03014274848236286
6.729857921600342,1.3824459209119417,0.8509387163034038,-0.048419407137258494
6.742712736129761,1.376974756843315,0.842650032699881,-0.06032480998798202
6.751591682434082,1.3730667825085818,0.8342851061568589,-0.06719274420830221
6.7601704597473145,1.369354206890585,0.8258711898130586,-0.07032739309720545
6.768694639205933,1.3656416312725883,0.8174325877206384,-0.0708204121033977
6.776066064834595,1.362710650521538,0.8089905102848693,-0.06951930773088637
6.7848851680755615,1.3593888723370147,0.8005764820090842,-0.06705347376849558
6.794189214706421,1.3554808980022812,0.792217164273733,-0.06387646364571273
6.803046226501465,1.3519637211010214,0.783934748051937,-0.06030756915895705
6.812626838684082,1.3476649493328146,0.7757344979708872,-0.05656688702954154
6.821580410003662,1.3441477724315547,0.7676073774596183,-0.05280281623934746
6.830124139785767,1.340435196813558,0.7595453863849587,-0.049112753955743924
6.838366985321045,1.3371134186290345,0.7515414923553168,-0.04555828119763834
6.846314430236816,1.3335962417277742,0.7436020771068435,0.23386224096218836
6.854845285415649,1.3298836661097777,0.7357446867819417,0.27017702524881265
6.864487171173096,1.325975691775044,0.7279709936575953,-0.057968531055718336
6.873775005340576,1.3220677174403108,0.7202693754466959,-0.16438867928155526
6.8831305503845215,1.3181597431055774,0.7126297117782517,0.0988176058869813
6.892051696777344,1.314837964921054,0.7050554360370549,0.15381023747713077
6.905252456665039,1.3087806047022175,0.697549285231306,0.12946374976316213
6.914122581481934,1.3052634278009572,0.6901010708238231,-0.19339602637679276
6.924334764480591,1.301355453466224,0.6827021950612768,0.0033637477504172147
6.932008504867554,1.2984244727151737,0.6753455200898331,0.05397793532784302
6.9441163539886475,1.2933441060800202,0.6680252476269761,0.047268813172673105
6.952110528945923,1.2898269291787603,0.6607367967646124,0.022809092734924374
6.96211051940918,1.2855281574105535,0.6534881507992749,-0.002992682579471554
6.971531629562378,1.28162018307582,0.6462863288452894,-0.024288350063412394
6.979186296463013,1.2782984048912969,0.6391370898977622,-0.03979541380325029
6.990199327468872,1.2738042344063532,0.6320453422869605,-0.050014660061228816
6.999020338058472,1.2702870575050933,0.625003662842706,-0.33202775605895446
7.007058382034302,1.26696527932057,0.6180168828183772,-0.3679532906820302
7.017122507095337,1.262666507552363,0.6110889952312832,-0.03735897979725006
7.025604009628296,1.2591493306511032,0.6042119389661466,0.07285175035193522
7.034337997436523,1.2552413563163693,0.5973788091086044,-0.1857536519069259
7.042164325714111,1.2521149768485829,0.5905836739209865,-0.2357154188705814
7.05034875869751,1.2489885973807964,0.5838322773032982,-0.20617261451954588
7.060625076293945,1.2444944268958527,0.5771401035134188,-0.15416839965764212
7.069071292877197,1.2409772499945926,0.5705196855155893,-0.10296239063918866
7.079346179962158,1.2368738769431225,0.5639700798679926,-0.33654535660683843
7.089059352874756,1.2333567000418626,0.5574789428744431,-0.3373727050281451
7.099013328552246,1.2290579282736558,0.5510459479803601,-0.2590470759391697
7.108035564422607,1.2251499539389223,0.5446700890041647,-0.16700749270742568
7.116478204727173,1.2210465808874524,0.5383388838355815,-0.08603544714337219
7.124057054519653,1.2179202014196655,0.5320518363841149,-0.022979411999678317
7.13348650932312,1.2144030245184054,0.5258185697443055,0.022602774055237584
7.142776012420654,1.2102996514669355,0.5196354141933394,0.05362653206461666
7.150543212890625,1.2073686707158855,0.5134874051935833,0.07342444383670224
7.159799814224243,1.2032652976644154,0.5073609864509304,0.08496493655762927
7.169027328491211,1.1997481207631555,0.5012550538151742,0.09063426748839223
7.179365634918213,1.1948631528447384,0.49516792308258956,0.09224830023604
7.189011335372925,1.191150577226742,0.4890864444886995,0.09114288114389243
7.199352741241455,1.186851805458535,0.48299895627755535,0.0882781136130654
7.207030773162842,1.183920824707485,0.4768952363985629,0.08433180435251389
7.215572357177734,1.180403647806225,0.4707778587551215,0.07977505576222918
7.225477695465088,1.1761048760380182,0.46464889235045853,0.07493022727080768
7.236155986785889,1.171610705553075,0.45849883954508935,0.07001399173730719
7.248130559921265,1.1665303389179214,0.4523200372251419,0.06516867998674805
7.258023023605347,1.1628177632999248,0.44610671362158044,0.06048479076714118
7.267028331756592,1.158909788965191,0.4398550562560851,0.05601700106499728
7.277194976806641,1.1544156184802479,0.43356320560361444,-0.22424288824063593
7.2857255935668945,1.1510938402957245,0.42723113988418004,-0.2613291803129183
7.294044017791748,1.1481628595446745,0.4208711777446359,-0.209931228418553
7.305836915969849,1.1432778916262578,0.414495516393438,0.13875057359287898
7.313980340957642,1.1399561134417342,0.4081052491350253,0.2392048663979469
7.324659585952759,1.1350711455233173,0.40170332337449727,0.23777312720893723
7.332988500595093,1.1317493673387942,0.395294310448234,0.20095283863713923
7.344372749328613,1.1270597981371138,0.3888843175417583,0.15732185792913927
7.353001356124878,1.1237380199525906,0.3824807271037051,0.11789985839259934
7.365107774734497,1.1182668558839637,0.3760919821612673,0.08590853240454756
7.374047756195068,1.1147496789827036,0.36972730407142496,0.06135733284794425
7.3840131759643555,1.1102555084977603,0.36340466244466235,0.04313029392394658
7.394073247909546,1.1061521354462902,0.35714101059332515,0.029885208592003547
7.403032064437866,1.1026349585450301,0.35094341851900146,0.02040225602672719
7.412324666976929,1.0989223829270334,0.34481923574140394,0.013687644127355987
7.421882390975952,1.0950144085923001,0.33877590594059226,0.008975962453811792
7.4319751262664795,1.0911064342575667,0.332820787273707,0.28173509196015467
7.443295955657959,1.0862214663391498,0.32695444536579227,0.036558047599374616
7.451700448989868,1.0827042894378898,0.3211782527330158,-0.05321114321063683
7.459505081176758,1.0793825112533664,0.3155073806057216,-0.07524432520481766
7.4700000286102295,1.0752791382018962,0.3099552483942569,0.20566108379966097
7.479739189147949,1.0711757651504263,0.30452697871109785,0.25223439871062125
7.488019227981567,1.067853986965903,0.299227163870677,0.2114770367058521
7.498690128326416,1.0631644177642228,0.29405982860456115,0.14780537107469058
7.507015943527222,1.0598426395796994,0.28903351674644606,0.0870792516928151
7.5162622928619385,1.0561300639617026,0.284160224967249,0.03779460986548561
7.525061130523682,1.0524174883437059,0.2794442184245376,0.0011046704394867962
7.534018516540527,1.048704912725709,0.2748879705714797,-0.024571942367561026
7.5420081615448,1.0453831345411857,0.2704974921851559,-0.041528844261646665
7.550428152084351,1.0418659576399256,0.266272213712002,-0.05195784175069258
7.558039903640747,1.0389349768888756,0.2622103323021068,-0.057679850397388654
7.567006826400757,1.0354177999876155,0.25831361958614973,-0.060106868789193746
7.577174663543701,1.0309236295026722,0.2545782665979497,-0.06029048439905402
7.586095333099365,1.0274064526014122,0.2509958849935306,-0.0589933515343994
7.596606731414795,1.0231076808332054,0.24755860930935417,-0.05675795268687915
7.607004165649414,1.0188089090649985,0.24425908750133404,0.22207429713703733
7.617173671722412,1.014510137296792,0.24109046146725838,0.25828935426447164
7.62562894821167,1.0113837578290052,0.238046309285734,-0.06963701744034059
7.636978626251221,1.0066941886273253,0.23511752401009336,0.10040144496126853
7.646063327789307,1.0029816130093283,0.23229587250348815,0.12123409907065796
7.655990123748779,0.9984874425243848,0.22958005479228724,-0.18742889023819592
7.664613723754883,0.9949702656231248,0.22696847229489295,-0.26525600239765035
7.672995328903198,0.9914530887218647,0.2244588841314628,-0.2507837387758933
7.684222936630249,0.9867635195201847,0.22204884087040322,-0.2063314013754059
7.6930787563323975,0.9832463426189246,0.2197302970731748,-0.15819544750774514
7.704716920852661,0.9781659759837712,0.21749596488759834,-0.11612085500243713
7.7123188972473145,0.9750395965159845,0.21534434321732931,-0.08259874317182928
7.721049547195435,0.9717178183314611,0.21327602191794276,0.21882981323045136
7.732308626174927,0.9668328504130442,0.21128625618670585,0.27058850163094883
7.745110750198364,0.961752483777891,0.20936596259793328,-0.04716607995938041
7.754145383834839,0.9580399081598941,0.20751159371283276,-0.14692621134644757
7.765684366226196,0.9531549402414774,0.2057221451373279,0.12026376941023903
7.774034738540649,0.949833162056954,0.2039941875919435,0.17736406502188112
7.785861253738403,0.9447527954218007,0.20232450442909944,0.15383805707036768
7.7939722537994385,0.941626415954014,0.20071010733493777,0.10697426419745133
7.80594801902771,0.9363506506021237,0.19914820278220474,0.060216134055367826
7.81404447555542,0.9328334737008638,0.19763618502610972,0.021653478430917347
7.823938846588135,0.9283393032159203,0.19617161679391734,-0.00720317157144066
7.83298134803772,0.9250175250313969,0.19475059733191025,-0.027365286204116265
7.84413743019104,0.9207187532631901,0.19336963663726264,-0.040568575233093096
7.852313756942749,0.9172015763619301,0.19202731899489078,-0.0485356745993961
7.860994577407837,0.9136843994606699,0.19072382750576436,-0.05272054391951461
7.869964599609375,0.9097764251259366,0.1894606902492495,-0.05425976346697493
7.879991292953491,0.9056730520744666,0.18823737831520715,-0.05400351491195485
7.890402317047119,0.9017650777397332,0.18705022022854276,-0.052569770674389796
7.898045539855957,0.8986386982719464,0.18589736325407105,-0.05039844698413995
7.90698766708374,0.8951215213706863,0.18478130255831382,-0.04779739284751333
7.916436433792114,0.891213547035953,0.18370243341054923,-0.04497859707887566
7.925558805465698,0.8873055727012196,0.1826579909991089,-0.042085516535881703
7.933983325958252,0.8837883957999594,0.18164545324514642,-0.03921317540023335
7.9446961879730225,0.8790988265982794,0.1806624972558325,-0.0364226990647173
7.953083753585815,0.8755816496970192,0.1797082331824842,-0.03375170130987529
7.963689804077148,0.8712828779288125,0.17878175835034063,-0.031221644815668487
7.972641706466675,0.8675703023108159,0.1778808559243468,-0.028843022403494165
7.983225345611572,0.8632715305426091,0.17700350702431675,-0.026618983755195502
7.991258382797241,0.8599497523580858,0.1761478844892519,-0.02454786061707245
8.003395318984985,0.8552601831564056,0.17531232017068957,-0.022624915341921237
8.012321949005127,0.8517430062551457,0.17449530064701602,-0.0208435439569159
8.021314144134521,0.8480304306371489,0.17369657874088218,-0.019196097400215544
8.029078722000122,0.8447086524526255,0.17291588395908006,-0.017674436315159907
8.039037942886353,0.8404098806844187,0.17215176829262807,-0.016270300522319207
8.047455310821533,0.8370881024998954,0.17140398118071012,-0.2910139097466234
8.057003498077393,0.8333755268818985,0.17067328522243733,-0.3229452805182045
8.065993309020996,0.8296629512639019,0.16995916454039736,-0.26674880669523987
8.074197053909302,0.8261457743626417,0.16926103003027537,-0.1896515112588652
8.083041191101074,0.8222378000279084,0.16857928445235468,-0.11819681926069413
8.094269514083862,0.8173528321094915,0.16791216129972245,-0.06071707521823527
8.102972984313965,0.814226452641705,0.1672561274477061,-0.0179298108829109
8.111500024795532,0.8109046744571815,0.166610137800357,0.012212052493589472
8.12047815322876,0.8071920988391849,0.16597522676239054,0.03240859808989036
8.128269910812378,0.8038703206546614,0.16535126254213925,0.04517650452060123
8.13596773147583,0.8009393399036113,0.1647380401399701,0.052584368863889744
8.146089315414429,0.7966405681354046,0.16413625083074196,0.05622779300346681
8.154879570007324,0.7927325938006711,0.16354551415174873,0.05729208329485423
8.16351842880249,0.7892154168994111,0.16296456389488062,0.05663617233221606
8.171625137329102,0.7860890374316244,0.16239318217602938,0.05487134558070963
8.181239604949951,0.7823764618136277,0.1618320096065832,0.052426308880965375
8.19232988357544,0.7774914938952109,0.1612806598251204,0.049597685844318326
8.199992895126343,0.7743651144274242,0.16073791829772527,0.046587814154072954
8.209027528762817,0.7704571400926907,0.16020359125785694,0.0435324022486034
8.217943906784058,0.7665491657579574,0.15967832614082708,0.04052046582887432
8.229482412338257,0.7622503939897506,0.1591610116169985,0.03760855084533237
8.237529754638672,0.7591240145219639,0.1586491102247266,0.034830804001068257
8.244957447052002,0.7559976350541772,0.15814212256917037,0.03220606154998903
8.255689859390259,0.751894262002707,0.15764122665274177,0.029742814840587207
8.26595163345337,0.7475954902345003,0.15714665262226174,0.027442672856794727
8.276445627212524,0.7434921171830302,0.15665784530044785,0.025302765497167597
8.28533387184143,0.7393887441315602,0.15617438264322858,0.023317402898951452
8.293946981430054,0.7358715672303001,0.155696663259123,0.021479213772776642
8.301966428756714,0.73235439032904,0.1552257528575011,0.01977991987331569
8.314318656921387,0.7274694224106234,0.15476118630650185,0.018210857039271076
8.323274374008179,0.72356144807589,0.1543012198922321,0.0167633202623377
8.331490993499756,0.7202396698913666,0.15384577181148484,0.015428787020170162
8.339634656906128,0.7169178917068433,0.15339615527056338,0.014199056787977015
8.346970796585083,0.7137915122390565,0.1529540904607752,0.013066333187739854
8.356959819793701,0.7098835379043231,0.1525216055558017,0.012023267208691445
8.366496086120605,0.7059755635695895,0.15209848499637393,0.28710133399184384
8.379713296890259,0.7006997982176995,0.15168207188774288,0.04330363747048084
8.3889319896698,0.6967918238829661,0.15127077602505418,-0.045731776466883124
8.397956848144531,0.693274646981706,0.15086507353343698,0.20857013423206888
8.407945156097412,0.6889758752134992,0.15046538304573592,0.2465680991417258
8.420947790145874,0.6837001098616091,0.1500709187089235,0.20473776298474078
8.430967092514038,0.6794013380934025,0.14968046640287208,0.1426936245982506
8.43993067741394,0.6756887624754058,0.1492935896688167,0.08421670469218726
8.451436996459961,0.6711945919904623,0.14891051219099868,0.03698844346254053
8.458975315093994,0.6680682125226756,0.14853144354749412,0.0019117586389190248
8.467921257019043,0.6643556369046788,0.14815708177195555,-0.022610489569244656
8.476960897445679,0.6610338587201554,0.14778850676479618,-0.038803656152815585
8.485746622085571,0.6575166818188953,0.14742607983168868,-0.04877251292852865
8.495681047439575,0.6534133087674253,0.14706957158971118,-0.05425778900358372
8.504029273986816,0.6498961318661652,0.14671876070973297,-0.0566060561707801
8.512493371963501,0.6461835562481684,0.14637391156655322,-0.056818763033749345
8.521400690078735,0.6424709806301717,0.14603570105542166,-0.05562158001844157
8.52892279624939,0.6395399998791217,0.14570417416572243,0.22250794140368393
8.538071393966675,0.6358274242611249,0.1453793028219498,0.25825661174712355
8.547274112701416,0.6319194499263915,0.14506145810854257,0.20606732133689742
8.556930303573608,0.6278160768749216,0.1447504141422443,0.13300516488600114
8.567954301834106,0.6233219063899781,0.1444454908710656,0.06550769331694724
8.57682728767395,0.6192185333385081,0.14414609207418372,0.011840477558260197
8.585498332977295,0.6157013564372479,0.14385167500300342,-0.027318710566074104
8.595088243484497,0.6117933821025145,0.14356176296051448,-0.05403824352176019
8.606943845748901,0.6074946103343077,0.14327594079866576,-0.07102703732929361
8.616718530654907,0.6035866359995743,0.1429938441845253,-0.08080233785970894
8.626060962677002,0.599678661664841,0.14271516897551442,-0.0854279583998534
8.634677648544312,0.5959660860468443,0.14243967349364953,-0.08649137857962177
8.643735647201538,0.5922535104288476,0.14216716588575679,-0.0851678238663108
8.655025005340576,0.5877593399439041,0.1418975077012544,-0.0823051247465783
8.66395092010498,0.5840467643259073,0.14163061666021906,-0.07850307246373167
8.67298936843872,0.5803341887079105,0.14136681780596486,-0.07417890152646506
8.682905673980713,0.576035416939704,0.14110676971410202,-0.0696180540423416
8.691972494125366,0.5721274426049705,0.14085065212211673,-0.06501214108355893
8.701899766921997,0.5680240695535003,0.14059823847701308,-0.06048669481109532
8.711002349853516,0.5643114939355037,0.14034934528972523,-0.05612115326568806
8.72098994255066,0.5604035196007703,0.14010382361820897,-0.051963100096825386
8.731425762176514,0.5561047478325636,0.13986122431858988,-0.0480383310861221
8.741531610488892,0.55219677349783,0.13962085295184207,-0.044357925713372943
8.74892520904541,0.5490703940300434,0.1393831378270044,-0.04092318734431019
8.758311986923218,0.54516241969531,0.13914943845928882,-0.03772907579236805
8.767675399780273,0.5414498440773132,0.13892023246401614,-0.03476657836092267
8.780158042907715,0.5361740787254231,0.13869491477622647,-0.03202433624790412
8.788040399551392,0.5328523005408997,0.1384729421275083,-0.029489750313970997
8.797988414764404,0.528553528772693,0.1382544952636479,-0.027149723993353032
8.807093381881714,0.5246455544379596,0.1380397181786004,-0.024991154181203054
8.816683769226074,0.5209329788199628,0.13782839105871925,-0.023001247778957137
8.83242654800415,0.514289422450916,0.13761971087991043,-0.02116771823772628
8.842015743255615,0.5103814481161826,0.13741268288114597,-0.01947890003978671
8.851542711257935,0.5064734737814492,0.13720736551424903,-0.01792380755146806
8.862254858016968,0.5023701007299791,0.137003804917755,-0.01649215662384356
8.871553182601929,0.49865752511198247,0.13680172620445677,0.2608639980031547
8.880266666412354,0.495335746927459,0.13660146609320706,0.2952014457875739
8.888915777206421,0.4916231713094623,0.13640357262093236,0.24122033754015887
8.898231267929077,0.4879105956914656,0.13620850612999344,-0.10987593891174632
8.906903743743896,0.48400262135673217,0.13601663699595842,-0.21257813605394793
8.915887594223022,0.48029004573873546,0.13582822508540945,0.06280527510998707
8.925346612930298,0.4761866726872654,0.13564315726123352,0.13081738104727084
8.933380365371704,0.4730602932194786,0.13546101530271767,-0.15847454167777136
8.946986675262451,0.46758912915085193,0.13528113256466892,0.046125517543218225
8.956916332244873,0.46368115481611855,0.13510263400957753,0.09429291780956708
8.967952251434326,0.45879618689770174,0.13492505259128207,0.08180568082831048
8.976943492889404,0.455083611279705,0.13474829100614982,-0.22485980216892917
8.986903429031372,0.45117563694497165,0.1345722734812762,-0.2892475613091295
8.996487140655518,0.44746306132697483,0.13439692465998748,-0.25991724839500563
9.00546145439148,0.4437504857089781,0.13422218590839358,-0.20286346875232944
9.014046907424927,0.44003791009098137,0.13404802024996743,-0.14528858933018327
9.02232313156128,0.43710692933993134,0.13387467951035706,-0.3727800394758931
9.035176515579224,0.4320265627047779,0.13370238511722957,-0.36832775206246726
9.044618129730225,0.4277277909365711,0.13353078570791496,-0.2856155827387209
9.052906513214111,0.42440601275204776,0.13335986919273932,-0.18999165661851866
9.060893058776855,0.4208888358507877,0.13319016462656855,-0.10609879089329714
9.07090950012207,0.4165900640825809,0.13302185410695797,-0.04064978561229186
9.079480648040771,0.4132682858980576,0.13285485128418983,0.00691278302954557
9.087940454483032,0.4097511089967975,0.132689341272486,0.039596077635360695
9.096903085708618,0.40623393209553743,0.13252570710534928,0.060803267094794
9.10690975189209,0.4021305590440673,0.13236400019717257,0.0735561454946959
9.120180368423462,0.39685479369217724,0.13220378552237416,0.08028101509150096
9.129828929901123,0.39275142064070717,0.13204448052041134,0.08282376844922122
9.138932943344116,0.38884344630597373,0.1318858539611602,0.08254287201862523
9.146905422210693,0.38591246555492376,0.13172820099703184,0.08041561621371122
9.155946493148804,0.382199889936927,0.131572015685286,0.0771330238987226
9.16691541671753,0.3779011181687203,0.1314174914206071,0.07317650948048318
9.17631196975708,0.37399314383398685,0.1312645693747745,0.06887661177071996
9.187004327774048,0.36930357463230673,0.1311132080960522,0.06445660586469582
9.196890592575073,0.3655909990143101,0.13096337986800477,0.06006424697122385
9.207505464553833,0.36109682852936664,0.13081508680424508,0.055794567641962
9.217983484268188,0.3566026580444232,0.13066835148727404,0.05170609539319537
9.228926658630371,0.35230388627621645,0.13052298356266728,-0.22820605127177424
9.236972093582153,0.3491775068084297,0.1303788250473997,-0.26497328093854255
9.245221614837646,0.34605112734064297,0.13023617635338164,0.06275596535474154
9.256116390228271,0.3417523555724363,0.1300953103778382,0.1687930888485518
9.264638900756836,0.33803977995443946,0.12995626507433755,0.18127277827092492
9.272886276245117,0.33452260305317943,0.12981927123304635,0.15908055959277329
9.281892538070679,0.3310054261519194,0.12968471818148228,0.12803154134003156
9.289891719818115,0.32768364796739596,0.129552917142711,0.09849356859615238
9.298917055130005,0.3239710723493993,0.12942410520566505,0.0738724445043868
9.307285785675049,0.32064929416487586,0.1292983048661983,0.054626089921944634
9.316044092178345,0.31693671854687916,0.12917536250538422,0.04011170541309196
9.32467007637024,0.3132241429288824,0.1290551499928393,-0.2466409518189432
9.33352541923523,0.3097069660276223,0.1289375567660081,-0.01153491721475601
9.340869188308716,0.3065805865598356,0.12882264013206185,0.07103952891395968
9.350934267044067,0.30228181479162886,0.12871060286084313,0.08795718444210006
9.36028003692627,0.29896003660710546,0.12860146687302926,0.0794635126332
9.368887901306152,0.29544285970584544,0.1284952412080292,0.06344762891383557
9.377896785736084,0.292121081521322,0.12839205009226937,0.0472912393190681
9.387932538986206,0.2876269110363786,0.12829182891909846,0.033591825983571216
9.396891832351685,0.28410973413511853,0.12819439684561373,0.022883345625514334
9.406859636306763,0.28000636108364846,0.12809961876519116,0.014897956806711108
9.414902925491333,0.27687998161586175,0.1280074931861027,0.2851662115362027
9.424912691116333,0.2727766085643917,0.12791813230239496,0.31422081687239434
9.433860540390015,0.2690640329463949,0.12783150377304353,0.25631360228768824
9.444880247116089,0.2645698624614515,0.12774735302372725,0.1783312892320616
9.454639196395874,0.2604664894099814,0.12766537215996426,0.1065614584785829
9.464196920394897,0.2567539137919847,0.1275854233669935,0.049149577367827074
9.474648237228394,0.25245514202377795,0.12750750025437438,0.006679418524574442
9.484606266021729,0.2483517689723079,0.12742723076836093,-0.022990328590509125
9.491869688034058,0.24542078822125782,0.12733233812528436,-0.04262520723420353
9.503368139266968,0.24073121901957772,0.12721255978508703,-0.05478672880103486
9.51431941986084,0.236432447251371,0.12706811840599827,-0.06157369954579933
9.521896839141846,0.23350146650032094,0.12690411551646433,-0.06460165608973013
9.530908584594727,0.22978889088232424,0.1267246799347743,-0.06506867844461217
9.54366159439087,0.22470852424717075,0.12653158258620845,0.2121968380767789
9.55488920211792,0.22021435376222737,0.12632503964084663,0.24762706224173114
9.562904834747314,0.21689257557770397,0.1261062150433807,0.19548305492965834
9.57494068145752,0.21181220894255054,0.12587695755650188,0.12270170981209466
9.586904525756836,0.2075134371743438,0.12563840230681034,0.05563117697574165
9.596360683441162,0.2036054628396104,0.12539185613509374,0.002475352809176646
9.60407280921936,0.20008828593835032,0.12513912638323854,-0.036130032807812594
9.612362384796143,0.19676650775382695,0.12488226828330769,-0.06228159355094692
9.621459484100342,0.19285853341909354,0.1246234910424957,-0.07870684702085971
9.632399082183838,0.18836436293415013,0.12436428471775997,-0.08793494922523806
9.640874862670898,0.18523798346636342,0.12410576614519163,-0.09203700991260955
9.650653600692749,0.18113461041489332,0.12384951026939664,-0.09260464958192297
9.661025524139404,0.1766404399299499,0.12359694779889432,-0.09081509835130566
9.671810388565063,0.1727324655952165,0.12334911449042456,-0.08751676520443578
9.68227219581604,0.16843369382700976,0.12310676082732035,-0.08330908639610443
9.691258192062378,0.16472111820901303,0.12287052944255503,-0.07860834822152221
9.698893070220947,0.16159473874122632,0.12264148183844065,-0.073698685005533
9.706858396530151,0.1582729605567029,0.12242067480909379,-0.06877019971719563
9.715794563293457,0.15475578365544285,0.12220861392628928,-0.06394682352975982
9.724438905715942,0.15123860675418274,0.12200549716756995,-0.05930637206602338
9.731950759887695,0.14830762600313271,0.12181145723329762,-0.0548948316766458
9.743025302886963,0.14361805680145262,0.12162656184418869,-0.05073645534710039
9.752498626708984,0.13951468374998255,0.1214509137413748,-0.04684085188325268
9.761225461959839,0.1359975068487225,0.1212846233915865,-0.04320793571770504
9.77173113822937,0.1315033363637791,0.12112757336952402,-0.03983136370502828
9.78333330154419,0.12700916587883565,0.12097939231860103,-0.0367009068275808
9.791591882705688,0.12368738769431226,0.12083969643264922,0.24223428473023526
9.80013656616211,0.12075640694326222,0.12070826805482478,0.27803574336369896
9.809937477111816,0.11723923004200215,0.12058484937086145,0.7774861532922648
9.81874680519104,0.1143082492909521,0.12046905108621891,1.3220061138118058
9.828880310058594,0.11079107238969202,0.12036054951727891,1.7617156037572124
9.838948726654053,0.1076646929219053,0.12025977027724555,2.339029091521671
9.847116708755493,0.10551530703780194,0.12016807755488397,3.3749698741678156
9.857908487319946,0.10277972500348855,0.1200862155827459,4.321260258573063
9.865863561630249,0.1010211365528585,0.12001349511856273,5.0
9.878419160842896,0.09828555451854513,0.11994874638724354,5.0
9.888914585113525,0.09613616863444177,0.11989107187083618,5.0
9.898892164230347,0.09437758018381173,0.11983992514529462,5.0
9.908764123916626,0.09281439044991838,0.11979489623525034,5.0
9.917222738265991,0.09164199814949833,0.1197555644544548,5.0
9.926866054534912,0.09027420713234166,0.11972151421953107,5.0
9.934828996658325,0.08929721354865831,0.11969234157631611,5.0
9.944880723953247,0.08832021996497495,0.11966763635563706,5.0
9.955363988876343,0.08773402381476494,0.11964697920454007,4.877526828787052
9.962863683700562,0.08734322638129159,0.1196299780431721,4.647731800324163
9.973874807357788,0.08695242894781824,0.11961625720729523,4.647305767309501
9.98415493965149,0.0867570302310816,0.11960542990869115,4.389011468215589
9.992922306060791,0.08656163151434493,0.11959714161546854,4.044091366653397
10.001906633377075,0.0867570302310816,0.11959108443313494,3.6882834795933994
10.010964393615723,0.08695242894781824,0.11958695837591875,3.0762754627106856
10.019812107086182,0.08714782766455492,0.11958447535928063,2.461137221680281
10.029852151870728,0.08753862509802827,0.11958338312507028,1.9323336676098948
10.038846731185913,0.08812482124823828,0.11958346003561954,1.2325761943240627
10.046883821487427,0.08871101739844828,0.11958450619684124,0.31989620496454185
10.057923078536987,0.08949261226539497,0.11958632780363741,0.06030232830540011
10.068855285644531,0.09066500456581499,0.11958873456039823,-0.2164369711173094
10.077833652496338,0.09144659943276168,0.11959156520308048,-0.4435193861261692
10.086875200271606,0.09242359301644502,0.11959469707534731,-0.8821827525472788
10.097845315933228,0.09359598531686505,0.1195980323236114,-1.0190045929938334
10.107877254486084,0.09476837761728506,0.1196014726786844,-1.0204092572758396
10.1178457736969,0.0959407699177051,0.11960493196488847,-1.241736153210646
10.12582802772522,0.0971131622181251,0.11960835607693314,-1.4769250636715012
10.134878873825073,0.0984809532352818,0.11961168786902014,-1.6541685490581348
10.143491983413696,0.0996533455357018,0.11961485463478395,-2.0352656824373936
10.151043891906738,0.1010211365528585,0.11961781138526952,-2.109133687260279
10.159801244735718,0.10199813013654188,0.11962054499550454,-2.3207677472032286
10.170480728149414,0.10356131987043524,0.11962303963215513,-2.5087027925392387
10.179748296737671,0.10512450960432859,0.11962527824534601,-2.3471563033688234
10.190523386001587,0.10688309805495863,0.11962701442301539,-2.6276814367466477
10.197850704193115,0.10825088907211532,0.1196277567913618,-2.9657216800022614
10.206834077835083,0.10981407880600867,0.11962731325030437,-3.2224654822599326
10.215579748153687,0.11157266725663871,0.11962587138972636,-3.0895425626215074
10.226244926452637,0.11333125570726875,0.11962370600264466,-3.371404521869743
10.233920574188232,0.11450364800768877,0.11962107191754387,-3.4167782259211887
10.242817163467407,0.11587143902484545,0.11961819070067098,-3.3363803693184524
10.25153136253357,0.11704383132526547,0.1196153960076833,-3.466761458186448
10.260245084762573,0.1182162236256855,0.11961323251063187,-3.8746781827915338
10.268810987472534,0.11919321720936885,0.11961230846026044,-4.5239994259142176
10.277812242507935,0.11997481207631551,0.11961326906491285,-5.0
10.287042379379272,0.12075640694326222,0.11961709591767858,-5.0
10.295561790466309,0.12134260309347221,0.11962517622818346,-5.0
10.304555416107178,0.1221241979604189,0.11963916720403091,-5.0
10.312831163406372,0.12251499539389225,0.11966097274498191,-5.0
10.321933269500732,0.12290579282736558,0.11969216780508365,-5.0
10.332284212112427,0.12329659026083893,0.11973458707191575,-5.0
10.339854001998901,0.12349198897757559,0.11979064387394647,-5.0
10.350523233413696,0.12368738769431226,0.11986201902947634,-5.0
10.359626770019531,0.12388278641104894,0.1199505164880001,-5.0
10.368828535079956,0.12388278641104894,0.12005775668934211,-4.914952756548448
10.377830982208252,0.12407818512778561,0.12018447745902108,-4.600932950088719
10.386853456497192,0.12407818512778561,0.12033232513622828,-4.217636546166622
10.399861335754395,0.12388278641104894,0.12050480487486347,-3.834247756052859
10.408843278884888,0.12388278641104894,0.12070506993743058,-3.20162375495567
10.419028759002686,0.12388278641104894,0.12093501165541282,-2.5705250910708197
10.427836418151855,0.12407818512778561,0.12119635869743432,-1.7529416711349393
10.436155080795288,0.12388278641104894,0.12148934199732583,-0.7335773498061334
10.444402694702148,0.12407818512778561,0.12181423761451925,-0.11015423076229253
10.452863454818726,0.12407818512778561,0.12217113130590182,0.5446856389752931
10.464802265167236,0.12388278641104894,0.12256011357181916,1.078685899518413
10.474325895309448,0.12388278641104894,0.12298405703158885,1.4593715256035098
10.486945152282715,0.12388278641104894,0.12344531176643499,1.7008471121297057
10.497884035110474,0.12388278641104894,0.12394429265876337,1.831206539132402
10.506852865219116,0.12388278641104894,0.12448114183025936,1.8790437931684307
10.515192031860352,0.12388278641104894,0.12505574313238232,1.8686713037243285
10.525424718856812,0.12388278641104894,0.12566773538123632,1.8191019942293147
10.53281855583191,0.12407818512778561,0.12631484181156633,1.7445002535512004
10.541823387145996,0.12388278641104894,0.1269931222821522,1.6550783977183594
10.55185580253601,0.12388278641104894,0.12770054940376782,1.5580136766413135
10.561403274536133,0.12388278641104894,0.1284367327562738,1.458234085840581
10.570911407470703,0.12388278641104894,0.1292010112619164,1.359039620210869
10.58064341545105,0.12388278641104894,0.12999249175126124,1.2625720379133423
10.588859796524048,0.12407818512778561,0.13080841675427043,1.1701604882303496
10.59702467918396,0.12388278641104894,0.13164449396913355,1.0825712496302395
10.605784893035889,0.12388278641104894,0.13249854721029752,1.0001858955372787
10.61587381362915,0.12388278641104894,0.13337022139381585,0.9231271787868306
10.62503433227539,0.12388278641104894,0.1342590832388265,0.851347269297818
10.633580684661865,0.12388278641104894,0.13516474845001397,0.7846891513183274
10.645921230316162,0.12407818512778561,0.13608694843460858,0.722929022805183
10.653824090957642,0.12407818512778561,0.1370255472426751,0.6658053230440395
10.662822723388672,0.12427358384452228,0.13797867637103622,0.6130383924191287
10.674942016601562,0.12446898256125893,0.13894502523279081,0.8403819572444677
10.684804201126099,0.12466438127799562,0.13992765025069226,1.104641240801042
10.69278883934021,0.12505517871146896,0.14092733803871904,1.3173224270237096
10.701970338821411,0.12505517871146896,0.14194103769877175,1.45717817139827
10.712916612625122,0.12564137486167898,0.14296865293328484,1.5295253940097915
10.724144697189331,0.1260321722951523,0.14401510128557282,1.824072955267991
10.731805086135864,0.1266183684453623,0.14508506421266254,1.8362777537894663
10.741432189941406,0.12700916587883565,0.1461781749675159,1.7332139379451603
10.749438524246216,0.12720456459557233,0.14729463999035955,1.867855545708835
10.760523796081543,0.127986159462519,0.14843759202686704,2.031042127850668
10.767816543579102,0.128572355612729,0.1496073108977808,1.8720038759224356
10.775831937789917,0.12915855176293903,0.1507986186204088,1.8930008084576169
10.785358190536499,0.1299401466298857,0.1520104955582136,1.9452636435068418
10.795175075531006,0.13091714021356907,0.15325152356369626,1.974320996784151
10.804227352142334,0.1318941337972524,0.15452955891881276,1.6906550761681305
10.814144611358643,0.13306652609767244,0.1558487557631591,1.615939285040161
10.822813034057617,0.1338481209646191,0.1572095099717461,1.6033101645011762
10.83178186416626,0.13502051326503914,0.15860891527026838,1.8698711224989202
10.841886043548584,0.13638830428219584,0.16004830156773742,1.877207890617251
10.851519346237183,0.13756069658261585,0.16153269043718743,1.77715398896452
10.860114574432373,0.13873308888303587,0.16306670972539897,1.3641663254132745
10.868388891220093,0.14010087990019257,0.16465046529298005,1.1885500103791526
10.876296758651733,0.1412732722006126,0.16628011558543349,1.1084717692994963
10.886880159378052,0.14283646193450597,0.16795667260875277,1.0610699926067002
10.895896196365356,0.14420425295166264,0.16968538008369366,1.0204635351068387
10.90680718421936,0.14596284140229268,0.17147097009485232,0.9775148348907845
10.91585373878479,0.14752603113618606,0.17331769673639982,0.9302420075424804
10.924779653549194,0.1490892208700794,0.17522459326718356,0.8793957443632702
10.936836242675781,0.15123860675418274,0.17719112357774663,1.1025452355968577
10.947913408279419,0.15338799263828612,0.17922674761947024,1.0822540539111523
10.958618640899658,0.15534197980565284,0.1813448691819764,0.9744432514187911
10.969672679901123,0.15768676440649287,0.1835573843091809,1.123280224161889
10.979011058807373,0.1594453528571229,0.18586922037442316,1.0369610333409836
10.986901044845581,0.16120394130775295,0.1882735366033103,0.8788786717083583
10.997205257415771,0.16335332719185633,0.19076449335457923,0.44113931404537055
11.006094217300415,0.165307314359223,0.19334260729180372,0.26726556952672365
11.014858484268188,0.1674567002433264,0.19600223658221463,0.2081853770647697
11.024801015853882,0.16980148484416643,0.1987387839866771,-0.0812426392706308
11.036097288131714,0.1725370668784798,0.20156102180273872,0.16320029923905705
11.044849872589111,0.17449105404584653,0.20447664073695387,0.255108763622502
11.05281376838684,0.1766404399299499,0.2074725581848666,0.0013388542622614352
11.061821699142456,0.17898522453078994,0.21053113523808603,-0.03950091523746713
11.071534156799316,0.18133000913162997,0.213650988545655,-0.003543612514303518
11.080164670944214,0.18387019244920672,0.2168382036408455,0.05035298329739282
11.092098951339722,0.1871919706337301,0.22010609555033875,0.09918144247985995
11.100833654403687,0.18953675523457011,0.22346644929073048,0.13591037711322035
11.111003875732422,0.1924677359856202,0.22691460410300568,0.1601338427360802
11.120807409286499,0.19539871673667025,0.2304471297517933,0.449844842435095
11.13080096244812,0.19872049492119365,0.23406922988002285,0.21252288069720052
11.14040756225586,0.2016514756722437,0.2377858453779116,0.12407556321714826
11.14777946472168,0.20419165898982042,0.2415930254012532,0.09888196475078917
11.156473398208618,0.2069272410241338,0.24547913193662904,0.09765626393834677
11.165444374084473,0.20985822177518385,0.2494431695667557,0.10320923415761776
11.172776699066162,0.21220300637602388,0.2534841291852203,0.10865136129752835
11.184197902679443,0.21630637942749392,0.25760172011650817,0.11171997647369489
11.19175386428833,0.21884656274507067,0.2618050028737841,0.38813900387512346
11.204380512237549,0.22334073323001408,0.26610190251126475,0.4193612210816335
11.212760210037231,0.2264671126978008,0.27049926259517165,0.6367038691618344
11.221795320510864,0.22978889088232424,0.27499280319820657,0.5890033867394662
11.229871034622192,0.23291527035011095,0.27957886224940737,0.4579540673146665
11.242296934127808,0.23780023826852767,0.28427430923613306,0.8715470636153727
11.25017786026001,0.2409266177363144,0.2890931182984993,0.8193969321618635
11.260771036148071,0.24522538950452114,0.29402600979015486,0.8933916350403632
11.268809080123901,0.24854716768904456,0.299054110810455,0.7071869217276647
11.277854442596436,0.2520643445903046,0.3041608356776917,0.4640906488701134
11.286766290664673,0.25577692020830134,0.30934247879289134,0.24329449789563246
11.296190023422241,0.2594894958262981,0.3146063201003612,-0.20732763880081803
11.304409980773926,0.26281127401082144,0.3199583281770827,-0.6438476052618068
11.312767744064331,0.2663284509120815,0.32539217129718456,-0.9851617080162423
11.323324918746948,0.27062722268028827,0.33090225843151366,-1.2191479026376273
11.333771228790283,0.274925994448495,0.3365058757993879,-1.6355257187091232
11.34377408027649,0.2788339687832284,0.3422172349362398,-1.7358571835307806
11.354270696640015,0.2831327405514352,0.3480366323573166,-1.9705668184101794
11.364779472351074,0.2874315123196419,0.35396367748168067,-2.4563429512788586
11.37278151512146,0.2905578917874287,0.3599857113816779,-2.349112196482332
11.384852886199951,0.29544285970584544,0.36609139910385535,-2.3191560805898392
11.394586563110352,0.29915543532384214,0.3722938470487007,-2.5679825471556414
11.404486894607544,0.30306340965857553,0.37860323083936936,-2.55244582638094
11.413695335388184,0.30677598527657224,0.385015330664506,-2.4241067863132546
11.421763896942139,0.3102931621778323,0.39151361355763886,-2.254740535610278
11.429788827896118,0.3134195416456191,0.39807125338328603,-2.077286224289035
11.438048362731934,0.3167413198301425,0.4046765040044915,-1.906016441908191
11.445765972137451,0.32006309801466587,0.4113187854710592,-1.746407139195686
11.455813884735107,0.3239710723493993,0.41797684948320124,-1.323883033102705
11.466167688369751,0.328269844117606,0.4246441231555682,-1.1571317037603461
11.476635932922363,0.3325686158858127,0.4313381039486953,-1.0905363806615505
11.486763715744019,0.3368673876540195,0.4380729664939726,-1.0557579663940793
11.496827602386475,0.3411661594222262,0.444836612913714,-1.0251633998844276
11.506776571273804,0.3450741337569596,0.4516182282478239,-0.7133886795122382
11.51606798171997,0.3487867093749564,0.45842000871307903,-0.6377888419915971
11.525301933288574,0.35230388627621645,0.4652436458554901,-0.6449478197741947
11.534745931625366,0.3560164618942132,0.47209042133574713,-0.9456939161471003
11.544431924819946,0.3599244362289466,0.4789612806187404,-0.720408260044072
11.551814079284668,0.3630508156967333,0.48585695060541484,-0.6359381148615919
11.560750484466553,0.36676339131473,0.492766263478326,-0.6052286344018378
11.570859432220459,0.3706713656494634,0.49966817868797664,-0.5904021456573221
11.57873272895813,0.37399314383398685,0.5065571608588981,-0.576422187358737
11.588932037353516,0.3782919156021936,0.5134409346447267,-0.5584539376921112
11.596802473068237,0.3814182950699803,0.5203146043647165,-0.5359139783893396
11.606146812438965,0.3847400732545037,0.5271626326146911,-0.5097535531105973
11.61580514907837,0.38903884502271047,0.5339846946988837,-0.48128077595323604
11.624693393707275,0.3923606232072338,0.5407934474178655,-0.4516978798393761
11.634912252426147,0.39665939497544056,0.5476004541383316,-0.42195790112509435
11.643752098083496,0.4003719705934373,0.5544037853989853,-0.3927544429557692
11.65319013595581,0.404084546211434,0.5612024785551081,-0.6405977078172191
11.660739183425903,0.4074063243959575,0.5680086504842992,-0.6468342649984199
11.671080589294434,0.41131429873069086,0.5748204664557954,-0.5663265052622413
11.67873740196228,0.41463607691521426,0.5816242787857886,-0.46638763176530373
11.68973684310913,0.41873944996668433,0.5884217380703602,-0.3735836740207261
11.697808742523193,0.42225662686794435,0.5952402195218321,-0.2962269070315229
11.70575761795044,0.42577380376920443,0.6020902553199441,-0.23498719830922382
11.715305089950562,0.4298771768206745,0.6089552589664714,-0.18775288062627077
11.725122928619385,0.4335897524386713,0.6158342797340619,-0.15174978465035951
11.732756614685059,0.43671613190645797,0.6227266152443806,-0.12438273288369792
11.740731239318848,0.43984251137424474,0.6296188397671442,-0.10350363439343613
11.750429391860962,0.4437504857089781,0.6365128729247292,-0.08743864195861019
11.760284662246704,0.44765846004371157,0.6434236421795374,-0.07492687653275489
11.7709059715271,0.45176183309518164,0.650363922184712,-0.06503736311630755
11.779422998428345,0.4552790099964417,0.6573444620197084,-0.05709077403862224
11.786757230758667,0.4584053894642284,0.6643608721431941,-0.050594569234328354
11.796759366989136,0.4627041612324352,0.6713959517611157,-0.04519253224808041
11.80575680732727,0.4664167368504319,0.6784483008548947,-0.04062689393968668
11.813758611679077,0.4695431163182186,0.6855166610060052,-0.03671052455678404
11.82283616065979,0.4732556919362153,0.692586679752145,-0.03330680365598289
11.830745458602905,0.4761866726872654,0.6996596365018984,-0.03031518089376548
11.840181589126587,0.4800946470219988,0.7067500580872559,-0.02766087988618822
11.847766876220703,0.48361182392325885,0.7138568783118517,-0.025287583116467116
11.857068300247192,0.4873243995412556,0.7209658615137426,-0.023152245100165107
11.865475416183472,0.49084157644251564,0.7280785978556645,-0.2972597767630759
11.874114751815796,0.49435875334377566,0.7352101246796208,-0.32863160444684353
11.882762670516968,0.49787593024503574,0.7423597760420928,-0.2719383089361356
11.893958568572998,0.5021747020132425,0.7495272748087037,-0.19439651019651757
11.902860641479492,0.5056918789145026,0.7567399305573778,-0.3985800367339928
11.911791324615479,0.5092090558157627,0.7640070361419706,-0.3738629278492008
11.921964883804321,0.5135078275839694,0.7713088540082004,-0.2756497099123186
11.933758020401001,0.5181973967856495,0.7786566008402067,-0.1691234597496934
11.94400930404663,0.5223007698371195,0.7860877490202436,-0.07813091922430124
11.955302000045776,0.526794940322063,0.793619812096586,-0.008491244871194473
11.965699434280396,0.5308983133735331,0.8012531453654012,0.04114316338568722
11.97592568397522,0.5353924838584764,0.8089875350094771,0.07441162043026188
11.984480142593384,0.5393004581932099,0.8168222746217448,0.09519629490077806
11.995009899139404,0.54340383124468,0.8247562139061122,0.10686974769425352
12.003250122070312,0.5467256094292033,0.8327878092790977,0.11210899410462695
12.011166095733643,0.54985198889699,0.8409004280733017,0.11293566131244513
12.020769119262695,0.5537599632317235,0.8490647699161443,0.3868675429904354
12.030188798904419,0.5576679375664568,0.8572705650529426,0.4160114760144514
12.03875207901001,0.5609897157509803,0.8655237892260952,0.35580420458518114
12.0476975440979,0.5645068926522403,0.8738144208807485,0.27399557643846856
12.056732177734375,0.5680240695535003,0.8821189881245174,0.1974870038593267
12.06682562828064,0.5725182400384438,0.890432819067707,0.1348518339167542
12.076341390609741,0.5766216130899139,0.8987672303989476,0.08696635990521812
12.085099697113037,0.580138789991174,0.9071320072345984,0.051884931726761736
12.095574140548706,0.5844375617593808,0.9155355496333714,0.026969258479709275
12.105783939361572,0.5885409348108508,0.9239849841317449,0.009737305135862257
12.115313291549683,0.5924489091455841,0.9324862438684238,-0.0018632669255020124
12.122849225997925,0.5953798898966343,0.9410287191741151,-0.009424066319218195
12.132794380187988,0.599678661664841,0.9496034253036962,-0.2901727779118283
12.143711805343628,0.6039774334330478,0.9582337680139504,-0.3260253090163777
12.15387511253357,0.6080808064845178,0.9669393121641637,0.0037413742929223726
12.164369583129883,0.6119887808192512,0.9757206755648036,0.11249851864463342
12.17170262336731,0.6147243628535647,0.984562147104634,-0.14796160787722634
12.18029499053955,0.6182415397548247,0.9934343597612364,-0.20000837260814933
12.187750101089478,0.6213679192226114,1.0023123931592794,0.10338131060647228
12.199268579483032,0.6264482858577648,1.0111913092331057,0.1862985548429336
12.207754373550415,0.6299654627590249,1.0200831522972735,0.18023381466529786
12.21592378616333,0.633482639660285,1.028982396101273,0.14450637036416333
12.22449517250061,0.636999816561545,1.0378847900184012,0.10428167330802789
12.232272386550903,0.639930797312595,1.0467869774613747,0.06900017322581485
12.241513729095459,0.6438387716473285,1.0556703678187842,0.04118586550608219
12.253129959106445,0.6485283408490086,1.0645521694969662,0.02056648180780437
12.26271367073059,0.6526317139004786,1.0734797435619678,0.005934748765367547
12.27147364616394,0.6563442895184753,1.0824604605584798,0.2719782112056566
12.282418251037598,0.6608384600034187,1.091483904725169,0.298548730514584
12.290624856948853,0.6637694407544688,1.100557115216957,0.23937797870035177
12.299917936325073,0.6676774150892022,1.1096691011915512,0.1609684446848021
12.309122800827026,0.671389990707199,1.1188100350943324,0.08933021292708498
12.318052530288696,0.6747117688917224,1.1279874223596675,0.0324116419753013
12.325891971588135,0.6780335470762457,1.1371907640160301,-0.009341609419883337
12.335567712783813,0.6819415214109791,1.1463944551553495,-0.03816641083964943
12.345752477645874,0.6862402931791859,1.1555928057197518,-0.3329319018463323
12.355328798294067,0.6905390649473927,1.1647970225053232,-0.3772913091077837
12.363811731338501,0.6936654444151793,1.1740161791058707,-0.05202581463555164
12.372313022613525,0.6969872225997028,1.1832413060680629,0.05504440434205268
12.381075143814087,0.7005043995009628,1.1924483172069438,0.07085187015249407
12.39037799835205,0.7042169751189595,1.2016327514004905,-0.22261927118132124
12.399669408798218,0.7079295507369562,1.2108067729793002,-0.2812088162293167
12.411397695541382,0.712814518655373,1.219980357244534,0.02637839175929918
12.420675039291382,0.716331695556633,1.2291614593651499,0.11707804432809553
12.43351149559021,0.7218028596252599,1.2383719377921074,0.11930203353161489
12.44179654121399,0.7251246378097833,1.2476451007373603,0.09118267678055031
12.45033884048462,0.72883721342778,1.2569765178350745,0.05754124829334219
12.459772825241089,0.73235439032904,1.2663300153894765,0.027823089140235138
12.4677095413208,0.7358715672303001,1.2756744929335584,0.004680795882099475
12.477711200714111,0.7401703389985068,1.2849835986354212,-0.012003202389418103
12.485728025436401,0.7434921171830302,1.2942507932952125,0.2527447281037365
12.495958089828491,0.7475954902345003,1.3034863166589992,0.2787403364494614
12.505682229995728,0.7515034645692338,1.3126989637072677,0.21957364744064284
12.515738010406494,0.7554114389039671,1.3218962076259102,0.14159148582605904
12.525715112686157,0.7593194132387007,1.3310842726602123,0.07066825490929372
12.535030603408813,0.763227387573434,1.3402682458770685,0.01464539449242977
12.542723178863525,0.7661583683244839,1.3494369624524076,-0.0261109478780909
12.551811933517456,0.7696755452257441,1.3585809553953225,-0.053894435012819646
12.563940525054932,0.7749513105776341,1.3677228203959477,-0.07157506698585107
12.572717428207397,0.7788592849123676,1.376866273655049,-0.08178435871814976
12.581454753875732,0.7823764618136277,1.385983848359265,-0.08666670115907807
12.591182947158813,0.7860890374316244,1.3950828788704526,-0.08786612045057304
12.60010027885437,0.7896062143328845,1.4041848258663603,-0.08659735537715958
12.607691287994385,0.7927325938006711,1.4132621880509517,-0.08373573203763163
12.618923902511597,0.7974221630023514,1.422291845335069,-0.07990008798649685
12.626683712005615,0.8007439411868746,1.4312850153314505,-0.07552078058012555
12.636699199676514,0.8046519155216081,1.4402364541128525,-0.07089223261361392
12.6454598903656,0.808169092422868,1.4491421716476007,-0.0662121465089876
12.656252145767212,0.8122724654743383,1.4580144559881028,-0.33764849540431596
12.665187358856201,0.8157896423755981,1.4668641331211574,-0.3663312884560357
12.676068782806396,0.8202838128605418,1.4757007103109396,-0.30700173038473766
12.685126543045044,0.8239963884785384,1.4845325236653253,-0.22692079052085096
12.695082426071167,0.8284905589634819,1.49336687114703,-0.15265023480757905
12.704776763916016,0.8323985332982152,1.502210232703857,-0.09253022555868572
12.71398639678955,0.8361111089162119,1.5110683959805868,-0.04727913132181455
12.722202062606812,0.839042089667262,1.519931080864419,-0.014846186048034893
12.731998682022095,0.8433408614354688,1.5287745080053876,0.007475209890217563
12.741947412490845,0.8474442344869388,1.53760987009001,0.022209919195443063
12.75050401687622,0.8509614113881988,1.5464624285142805,0.031435601606515665
12.758711576461792,0.8542831895727223,1.5553073940904285,0.0367572704802791
12.770665407180786,0.8589727587744024,1.5641243157986506,0.039369642663283876
12.779721975326538,0.8626853343923993,1.572943068376954,0.31617919456377386
12.78871488571167,0.8663979100103958,1.5817891953811785,0.3488539134588091
12.796698093414307,0.8695242894781825,1.5906530514763257,0.292522772574499
12.807685375213623,0.8738230612463893,1.5995108072152935,0.21472438833835789
12.815678358078003,0.8771448394309127,1.608358155203061,0.14221855208775708
12.825463056564331,0.8812482124823828,1.6172073131990583,0.08348640255100133
12.835773706436157,0.8853515855338528,1.6260843085468817,0.039346651717508674
12.844399213790894,0.889454958585323,1.6350107986415972,-0.26821831357444637
12.851682424545288,0.8921905406196363,1.643957441390684,-0.32291187507499824
12.862025737762451,0.8962939136711063,1.6528990526918388,-0.5579524850474
12.870362520217896,0.8996156918556298,1.6618456004952573,-0.5236733392337157
12.877992153167725,0.9025466726066799,1.6707897563987328,-0.4029021896907673
12.886739253997803,0.90606384950794,1.6797096900814328,-0.27239230708383
12.897660255432129,0.9103626212761465,1.6885872063580685,-0.16027472244051383
12.906610012054443,0.9142705956108801,1.6974230410097066,-0.07345850215452093
12.920663118362427,0.9199371583962435,1.706249620658623,-0.010402901020023843
12.930701732635498,0.9236497340142403,1.7151101510853723,0.03314605134436405
12.940488338470459,0.9275577083489737,1.7240251767462378,0.061741809239404186
12.95027470588684,0.931465682683707,1.732995853820735,0.07934854280433387
12.958675622940063,0.9353736570184404,1.7420066966464587,0.0891193486440559
12.9676992893219,0.9390862326364372,1.7510284543990078,0.0934411004629152
12.975653171539307,0.9426034095376973,1.7600365946179994,0.0940658308360085
12.987554788589478,0.9472929787393772,1.7690261985118858,0.09225263156255198
12.997644424438477,0.9513963517908475,1.7780244682594006,0.0888918952261559
13.007571935653687,0.9554997248423175,1.7870543575410502,0.0846046891167146
13.017181873321533,0.9594076991770509,1.7961193801633664,0.07981847263173267
13.024683713912964,0.9625340786448376,1.805206520388865,0.07482313426641579
13.036209344863892,0.9670282491297811,1.8143046683821988,0.0698116953338076
13.044675827026367,0.9705454260310411,1.8234201749470502,0.06490950507171483
13.053674697875977,0.9742580016490379,1.832542633239415,0.33623335464922477
13.062689542770386,0.9777751785502978,1.8416634059666488,0.3648772977007695
13.072618246078491,0.9818785516017681,1.8507910490721793,0.029519074420174207
13.081005334854126,0.9853957285030279,1.8599327737087226,-0.08364565321049597
13.089005470275879,0.9885221079708147,1.8690788889846142,-0.10275902915348703
13.09979248046875,0.9928208797390216,1.8782053912486258,-0.08672322007408857
13.108670473098755,0.9967288540737549,1.8873081548817772,-0.06137549850164402
13.121310949325562,1.0016138219921717,1.8964159413723065,-0.037108902223166686
13.128659009933472,1.0049356001766951,1.9055530671279521,-0.017355774755599497
13.139586210250854,1.0094297706616386,1.9147234630712977,-0.0026008091669292507
13.149688959121704,1.0133377449963719,1.923945087267264,0.007772514544931931
13.159690856933594,1.0172457193311053,1.9332311063566556,0.014670747892594527
13.168443202972412,1.020958294949102,1.9425591117063978,0.018963288832308065
13.17756199836731,1.0246708705670988,1.9518930286549756,0.02137365457205214
13.187893390655518,1.028578844901832,1.9612155736378414,0.022463506552050004
13.197304725646973,1.0324868192365655,1.970524725920328,0.02265151914660204
13.205695390701294,1.0360039961378256,1.9798022386833936,0.022241598836226485
13.217375755310059,1.040498166622769,1.9890301310634466,0.021450129803444164
13.22738242149353,1.044601539674239,1.9982183266234463,0.02042877964064086
13.236654996871948,1.048314115292236,2.0073725162248044,0.01928231892927567
13.245651483535767,1.0520266909102327,2.016480819766946,0.018082012329171723
13.256296157836914,1.056520861395176,2.0255302141630738,0.2929138011377267
13.26367712020874,1.059451842146226,2.0344957017034004,0.3248565595018585
13.273662328720093,1.0635552151976961,2.0433429918378536,0.2686216472597487
13.283632516860962,1.0674631895324294,2.0520530753781956,0.19145469864127634
13.292667150497437,1.0711757651504263,2.060619912789793,0.1199118981633697
13.302658796310425,1.075474536918633,2.0690371090429287,0.06233426269964693
13.312413692474365,1.07918711253663,2.0772980297089187,0.019445149956123092
13.324842691421509,1.084267479171783,2.085395982540394,-0.010798668849630686
13.335705995559692,1.0887616496567265,2.093332923255326,-0.03109479340813715
13.346183776855469,1.0930604214249333,2.1011178552123875,-0.043958359232089295
13.353662490844727,1.0957960034592467,2.108740343439727,-0.051457063326089084
13.36462688446045,1.1000947752274535,2.1161741868484514,-0.33122440308403756
13.374652862548828,1.104002749562187,2.12340549589128,-0.3654933964559758
13.385616779327393,1.1084969200471304,2.130430981416319,-0.30981489279355534
13.393764734268188,1.1118186982316538,2.1372477609290423,0.044003927610284405
13.40367341041565,1.1161174699998604,2.143853318493161,0.1500319473182084
13.41176962852478,1.1196346469011205,2.1502458984724497,0.15432562208959355
13.423738718032837,1.1243242161028004,2.1564245746124717,0.12319313211986152
13.432677984237671,1.1278413930040605,2.1623892066022123,0.08509027261225721
13.442656755447388,1.1319447660555308,2.168140346058476,0.050961414148605694
13.455455303192139,1.1372205314074209,2.173684090545133,0.023985130159387517
13.464500427246094,1.141128505742154,2.179031010326898,0.004149647546952389
13.473636627197266,1.144841081360151,2.184180883528239,-0.009667551096349397
13.483797311782837,1.1485536569781476,2.18912919921051,-0.018805583946160047
13.494462490081787,1.1526570300296177,2.193882071375584,-0.024475032161681932
13.50380563735962,1.1565650043643512,2.198445645516161,-0.02765670057809015
13.512670278549194,1.160277579982348,2.202821359666471,0.246937453185584
13.521644115447998,1.1639901556003445,2.2070075604311867,0.279800923359213
13.531936168670654,1.1678981299350781,2.211000596902649,0.22522544300355102
13.542757987976074,1.172587699136758,2.214802626688115,0.15016125652899362
13.55404782295227,1.1772772683384383,2.2184236803534865,0.08095996703600986
13.563658237457275,1.1811852426731717,2.2218764478201973,0.02582325577025775
13.57262897491455,1.1847024195744316,2.2251664601685803,-0.014618565235029447
13.581147193908691,1.1880241977589552,2.228293457323757,-0.0424692628026586
13.588735342025757,1.190955178510005,2.231258748152041,-0.06046435493187042
13.597103118896484,1.1944723554112653,2.234065015419957,-0.07114130234619585
13.604661703109741,1.1974033361623153,2.2367160820992296,-0.07657949152536844
13.613778114318848,1.2013113104970485,2.23921672908656,-0.07837859071055442
13.622679710388184,1.2048284873983088,2.241574834268498,-0.3537618906626512
13.63130784034729,1.2085410630163056,2.243800733750667,-0.38463297390415996
13.641777753829956,1.2126444360677755,2.245904175121455,-0.3262900218620962
13.649649858474731,1.2157708155355622,2.247892214219451,-0.24638983108431572
13.658636093139648,1.2192879924368225,2.249769677426711,-0.1717725677084609
13.666616201400757,1.2226097706213457,2.2515417705113228,-0.11097241618492037
13.674793481826782,1.2263223462393424,2.2532139271490763,-0.0648417344731187
13.68357253074646,1.230034921857339,2.2547935750291725,-0.03142135075225848
13.69347333908081,1.2339428961920726,2.2562897272149542,-0.008066499682391112
13.703662395477295,1.2380462692435428,2.2577105968887388,0.007706626166800468
13.713012933731079,1.2415634461448029,2.2590636167366314,0.01794906306954642
13.722326040267944,1.2452760217627994,2.260355491704925,0.02424916636315727
13.731433868408203,1.2489885973807964,2.2615922453193207,0.027791828612569295
13.741650104522705,1.253091970432266,2.2627792715426773,0.029439987074960212
13.749668598175049,1.2564137486167894,2.26391987492812,0.02981168536519317
13.758639335632324,1.2599309255180497,2.2650156190411836,0.02934400058039146
13.769641876220703,1.2648158934364664,2.2660696534678433,0.028342766547612818
13.7783522605896,1.2683330703377265,2.267086371065408,0.02701985092466551
13.785627126693726,1.2712640510887767,2.268068262843057,0.02552046958698119
13.795700311660767,1.2753674241402468,2.2690175598427396,0.02394290310819787
13.803623914718628,1.2784938036080336,2.2699376890438243,0.02235258380769108
13.81562614440918,1.2835741702431867,2.270830392831516,0.020792087760000015
13.826290130615234,1.2880683407281304,2.2716984357630623,0.019288183995596946
13.837113618850708,1.2925625112130739,2.272546696595528,-0.25818157322495777
13.84460997581482,1.2956888906808604,2.2733768594256256,-0.29265654282903864
13.857377290725708,1.3003784598825405,2.274189085665878,-0.23882506808199444
13.866368770599365,1.3038956367838006,2.274985812742748,-0.16392099763878903
13.87467646598816,1.307217414968324,2.275769081032243,-0.3705346324725399
13.88451337814331,1.3111253893030574,2.2765394050952774,-0.3480556025188143
13.89597225189209,1.316010357221474,2.277297112869855,-0.2519030829645202
13.905222415924072,1.3197229328394708,2.2780423439760713,-0.14727384147854763
13.914594411849976,1.323630907174204,2.278775120215148,-0.058027365315167174
13.9230477809906,1.3269526853587275,2.279495427560754,0.010005358327021912
13.930631160736084,1.3298836661097777,2.2802023308179624,0.0581609718654903
13.940314054489136,1.3339870391612478,2.280894173481167,0.09006865771587247
13.950928926467896,1.3384812096461913,2.281571448549418,0.10960122664658445
13.962422132492065,1.343170778847871,2.282236397810454,0.12012260511250508
13.971624612808228,1.3470787531826045,2.2828891787681322,0.12430184707882797
13.979676485061646,1.350400531367128,2.283528249180817,0.12415324295380638
13.988918542861938,1.353917708268388,2.2841524230159225,0.12114946825569023
13.997946739196777,1.3576302838863845,2.28476080380676,0.39238161188522125
14.006614208221436,1.3611474607876448,2.285352753886343,0.41963667490538137
14.015631437301636,1.3648600364056418,2.285927879688209,0.358117015896649
14.023605585098267,1.3679864158734283,2.2864867481454083,0.275403227415436
14.033004999160767,1.3720897889248986,2.2870314576751847,0.1982757103266527
14.041626691818237,1.3756069658261585,2.2875638334064208,0.13522189234911416
14.049593210220337,1.3789287440106817,2.2880839740151404,0.08705736819292942
14.060619592666626,1.3834229144956252,2.2885920264714645,0.05179376781862712
14.069674015045166,1.3871354901136221,2.2890888940020298,0.02676282375928834
14.079645156860352,1.3910434644483554,2.289575357134679,0.009461520519660588
14.08766770362854,1.3943652426328788,2.2900514563184236,-0.0021771290067934624
14.097661256790161,1.3982732169676122,2.2905166164440076,-0.009754935079531105
14.106417894363403,1.4019857925856087,2.2909710812548245,-0.2905066668640007
14.11660623550415,1.4062845643538158,2.2914157760742824,-0.050314774328954454
14.126893997192383,1.4099971399718125,2.291851504950907,0.03654992326868469
14.137031316757202,1.4139051143065458,2.292279558144585,-0.21893798720499003
14.144640684127808,1.416836095057596,2.292701046660893,-0.2574551189625266
14.155628442764282,1.421525664259276,2.2931157256552144,0.06033841616660213
14.16602373123169,1.4258244360274828,2.293523950384879,0.15572079368613356
14.174218893051147,1.4295370116454795,2.2939266191299623,0.15949547720240673
14.182657718658447,1.432858789830003,2.2943233658977706,0.13114134765511662
14.193398237228394,1.4373529603149464,2.294713874512535,0.09625532874348286
14.20162558555603,1.4408701372162065,2.2950979089961008,0.0647393211047691
14.209617614746094,1.443996516683993,2.2954742147523968,0.03951962669412057
14.221219539642334,1.4486860858856732,2.2958423027383903,0.020644851560502886
14.228585481643677,1.4518124653534599,2.2962028974363258,0.007151609490810436
14.239235639572144,1.4563066358384031,2.2965566290416914,-0.002130882252899624
14.249644041061401,1.4606054076066102,2.296904547150878,0.26777009130528623
14.257611751556396,1.46353638835766,2.2972475582942407,0.29703535494039723
14.26594853401184,1.4668581665421834,2.2975859197118393,0.2396910956301991
14.274534225463867,1.4701799447267068,2.297919378709833,0.16247768605306984
14.283625841140747,1.4740879190614404,2.2982467766881642,0.09158722567691657
14.2946138381958,1.4783866908296472,2.2985671583489165,0.03510289570694699
14.303589344024658,1.4820992664476438,2.298880716325343,-0.006431872326493844
14.313519477844238,1.4860072407823772,2.2991881435793964,-0.3112224527008205
14.323616027832031,1.4906968099840574,2.299490033721769,-0.3630981652666474
14.336618900299072,1.4959725753359474,2.2997873341837876,-0.04328336734875746
14.346321105957031,1.4994897522372075,2.3000813024944535,0.059932004070002265
14.356700420379639,1.503397726571941,2.3003725526162966,-0.2029661041410455
14.365610837936401,1.5073057009066742,2.3006607208785526,-0.2553281593044131
14.37764573097229,1.512190668825091,2.30094548561837,0.049153482684954786
14.387584447860718,1.5159032444430878,2.3012274489672526,0.13405908170855443
14.39561128616333,1.5194204213443476,2.3015067193724366,0.13052042210225015
14.404605865478516,1.5231329969623446,2.301782551678003,-0.17842954820164225
14.413387775421143,1.5266501738636047,2.302054761799106,0.027196407743487458
14.422585725784302,1.5303627494816012,2.302323620110652,0.08308216373953273
14.432612180709839,1.5348569199665447,2.3025893585232216,0.0791362957478298
14.442931890487671,1.5389602930180148,2.3028525587152506,0.055724724201531586
14.453570127487183,1.5434544635029583,2.303114082115889,0.029824698014095208
14.46274733543396,1.547167039120955,2.3033742465105784,0.28372485771030265
14.47136640548706,1.5506842160222152,2.303632536753922,0.3000365889475639
14.480254173278809,1.5540059942067386,2.303888146156936,0.2331451782185774
14.487612009048462,1.557132373674525,2.304140770879057,0.14937398167632696
14.496898889541626,1.5606495505757851,2.3043905184879767,0.07429153366510044
14.504601955413818,1.5635805313268354,2.3046371226541047,0.01538102939907883
14.513010025024414,1.5669023095113588,2.3048796607098803,-0.027313685523251474
14.522369146347046,1.5708102838460922,2.305117390409042,-0.05634715621539155
14.533295154571533,1.5754998530477722,2.3053507825796067,-0.07478918095938572
14.542223691940308,1.579212428665769,2.3055809556081286,-0.08541930523512546
14.550577402114868,1.5825342068502923,2.305808161875129,-0.09048924228487515
14.55933427810669,1.5860513837515526,2.306031598490496,-0.09171964010101506
14.56660771369934,1.5889823645026022,2.3062502940403293,-0.0903792950176705
14.578344583511353,1.5936719337042826,2.306464147880633,-0.0873812847463154
14.585577487945557,1.5966029144553326,2.3066737924009244,-0.08337055281894262
14.59809398651123,1.6018786798072226,2.30687977598418,-0.07879531695077896
14.60560131072998,1.6048096605582727,2.307082580451795,-0.07396206182516904
14.61557936668396,1.6087176348930061,2.3072823293652327,-0.06907649823073861
14.628594160079956,1.6139934002448963,2.307479446312299,-0.06427343041343762
14.63654351234436,1.6171197797126828,2.3076749204601033,-0.05963822795666158
14.646553039550781,1.6210277540474165,2.307869273692619,-0.05522210787731541
14.657134056091309,1.6255219245323598,2.3080626221165623,-0.327091289522766
14.665560960769653,1.6292345001503563,2.3082547449123045,-0.3563057386580359
14.675563097000122,1.6335332719185633,2.308445165453443,-0.29755894972536995
14.684559345245361,1.6370504488198232,2.308633796149038,-0.21807982463528414
14.69361162185669,1.6403722270043464,2.3088208525039002,-0.14440896317413862
14.703579187393188,1.6446709987725534,2.3090065170776217,-0.0848729187209332
14.713394165039062,1.6487743718240233,2.3091909530148733,-0.04018165876574243
14.723552942276001,1.6528777448754937,2.3093743026123135,-0.008279578905262916
14.735554933547974,1.65776271279391,2.3095569651203602,0.013542344738171484
14.744565963745117,1.661475288411907,2.3097392577227085,0.02780978445049357
14.754541158676147,1.6651878640299036,2.3099208627468975,0.3126385090570567
14.764483451843262,1.6694866357981104,2.3101017814461295,0.35068048793690737
14.7767174243927,1.6743716037165275,2.3102825658154096,0.29782099285031216
14.784693241119385,1.677497983184314,2.3104631114569303,0.2221606752987807
14.794695615768433,1.6817967549525208,2.3106430467147283,0.15086802514469871
14.802582025527954,1.6849231344203075,2.3108223315960963,0.09271695112017134
14.813146114349365,1.6896127036219875,2.3110006434316133,0.04873356526059531
14.820595741271973,1.6925436843730375,2.311177695709734,-0.2589541441583505
14.83061933517456,1.696451658707771,2.311353518811543,-0.31394817156522703
14.83959674835205,1.7001642343257677,2.3115281474026306,-0.5493969497769278
14.848604440689087,1.7034860125102913,2.3117016116012588,-0.5155857668114491
14.859560251235962,1.7079801829952348,2.311873924935811,-0.3953099719086224
14.871096849441528,1.7126697521969145,2.3120453546638466,-0.2653012533305997
14.879361152648926,1.7161869290981746,2.312216122794239,-0.1536765748189912
14.888389587402344,1.7198995047161716,2.31238564422978,-0.06733612722817241
14.89779782295227,1.7234166816174314,2.312553182440163,-0.004733853509388597
14.905637264251709,1.7263476623684817,2.31271839121985,-0.23765125722045305
14.91455888748169,1.7298648392697418,2.3128810118388246,-0.24258151559362096
14.923568725585938,1.7337728136044748,2.3130410999399027,0.10578617378875238
14.9354887008667,1.7388531802396283,2.3131992025308947,0.22441814760162077
14.944318771362305,1.742761154574362,2.31335604341114,0.24384212820547077
14.953604459762573,1.7464737301923585,2.3135119954236565,0.22470447314281639
14.962998151779175,1.7501863058103553,2.3136668780783136,0.19408967217972156
14.970597982406616,1.753312685278142,2.313820061514481,0.16326696635349286
14.982500553131104,1.7581976531965589,2.3139712775586334,0.13627442567207992
14.992871046066284,1.7624964249647657,2.314121029111773,0.11400848778872777
15.001980781555176,1.7662090005827624,2.31426973030787,0.09612694235074346
15.01058840751648,1.7695307787672858,2.3144172724127263,0.08190114160512903
15.020127296447754,1.7734387531020193,2.3145635838961067,0.0705725790928795
15.028544902801514,1.7767605312865427,2.3147088387272055,0.06148248322005295
15.038608312606812,1.7808639043380126,2.314853177634865,0.054102502022197116
15.04988169670105,1.7855534735396927,2.3149969453746126,0.048026144153084704
15.061777353286743,1.7902430427413727,2.3151404331650958,0.04294774726114199
15.071555852890015,1.7941510170761064,2.315283656941311,-0.23739814343254637
15.083526849746704,1.7990359849945228,2.315426859064489,-0.27422731049866583
15.091527700424194,1.8023577631790462,2.31557024862751,-0.22235582308818452
15.102911949157715,1.8070473323807266,2.315713752162773,-0.14911003766721453
15.111605882644653,1.8105645092819864,2.315857270547722,-0.0811091070648382
15.119704961776733,1.8136908887497734,2.3160004888967283,-0.026743887243702504
15.130541563034058,1.81798966051798,2.316143368736427,0.013222168586742477
15.138560771942139,1.8213114387025033,2.3162861073829046,0.04079947698141288
15.146526575088501,1.8246332168870267,2.316428206393225,0.05865832638302282
15.155513763427734,1.8281503937882868,2.316569005461784,0.06929075068587853
15.166606426239014,1.8324491655564934,2.3167086054670296,0.0747446164812055
15.174986124038696,1.8359663424577535,2.316847339664525,0.07659781653824832
15.18296480178833,1.8390927219255402,2.316985061737034,0.3520586800968363
15.190549612045288,1.8420237026765904,2.31712142942067,0.3830205833870616
15.199553966522217,1.8455408795778505,2.317256167738277,0.32477481284502663
15.209574937820435,1.849839651346057,2.3173890629477265,0.24497356997786351
15.219401597976685,1.8537476256807905,2.3175201627932056,-0.10558434135151745
15.227539777755737,1.8568740051485775,2.317649724715111,0.0766238346802677
15.239584684371948,1.8617589730669941,2.3177779817067674,0.11880529170144621
15.247996091842651,1.8650807512515175,2.3179051554239405,-0.1695803548117452
15.257151126861572,1.8687933268695143,2.3180312357748436,-0.2315420118891598
15.265607357025146,1.8723105037707743,2.3181560098728777,-0.20604392538092228
15.277573347091675,1.8771954716891908,2.3182795014717783,0.12128244890861094
15.286528825759888,1.8807126485904508,2.3184019433970917,0.20611177168307032
15.294548034667969,1.8840344267749745,2.3185233407445676,-0.08177222839619477
15.30354905128479,1.8875516036762345,2.318643702861719,-0.1579523319999379
15.313883066177368,1.8918503754444413,2.3187634649326117,-0.14959413326992912
15.321651935577393,1.8947813561954912,2.318883003514046,-0.11380752934783483
15.33102798461914,1.8984939318134881,2.319002208306856,-0.07462274334696287
15.3392493724823,1.9016203112812748,2.3191209671968034,-0.040893379136656624
15.34897780418396,1.9053328868992714,2.3192393880478415,-0.014838519393264209
15.357788801193237,1.9088500638005315,2.3193575687701493,0.003972788793179974
15.365542888641357,1.9121718419850549,2.319475197618162,0.016829851357427532
15.374708890914917,1.9160798163197883,2.319591631271286,0.025124846727821663
15.383546829223633,1.9194015945043117,2.3197067388450354,0.030073309180686195
15.393993139266968,1.9238957649892552,2.319820794376133,0.03264310045786707
15.402745723724365,1.9272175431737786,2.319934023155352,0.03356698206839896
15.41457748413086,1.9319071123754588,2.3200466125103136,0.033382539475371426
15.424309730529785,1.9358150867101922,2.320158886654276,0.03247567010773192
15.434449911117554,1.939918459761662,2.3202712898507887,0.031118776457286036
15.442580223083496,1.9432402379461855,2.3203840092589103,0.02950135946390374
15.452600240707397,1.947148212280919,2.3204969913460713,0.027753346869215097
15.461727857589722,1.9504699904654423,2.320609969695554,0.025962364721506023
15.470598220825195,1.953791768649966,2.3207223631038274,0.02418628460913437
15.479585647583008,1.9575043442679625,2.3208336868842108,0.02246222275812574
15.491604804992676,1.9621939134696424,2.3209440237486185,0.020812935865916767
15.500519275665283,1.9659064890876394,2.321053762195498,0.019251335789523354
15.509957790374756,1.969619064705636,2.321163050106062,0.0177836588529363
15.518566846847534,1.9729408428901594,2.3212718230196634,-0.25962667979970977
15.526550769805908,1.9762626210746828,2.3213798462383513,-0.2940287113445679
15.539661407470703,1.981538386426573,2.3214868939398747,0.035921022207695885
15.549620389938354,1.9852509620445697,2.321593054957366,0.14403216280104075
15.559274196624756,1.989158936379303,2.321698378835765,-0.11759658588344735
15.567596673965454,1.9920899171303532,2.3218025855235807,-0.17112259795603707
15.57688283920288,1.9959978914650867,2.321905426416235,-0.14541611537035437
15.586971759796143,2.0002966632332932,2.322006968415483,-0.0973360078114536
15.596527814865112,2.0038138401345535,2.32210712895002,-0.05001878135370342
15.604697704315186,2.0071356183190767,2.322205550321274,-0.01133725026119857
15.614506244659424,2.0108481939370733,2.3223020413693476,0.017350143019159096
15.623563289642334,2.0145607695550702,2.322396453864799,0.0371606174845608
15.635309219360352,2.0190549400400135,2.3224886577266397,0.0499028065333356
15.647279739379883,2.0239399079584306,2.3225787522454544,0.05734915808030264
15.657506942749023,2.028238679726637,2.3226667962054446,-0.21505110641791608
15.665613889694214,2.0313650591944237,2.3227528164638325,-0.24718695807232513
15.674326181411743,2.034882236095684,2.322836861176017,-0.19288561347986505
15.685622930526733,2.038985609147154,2.3229310011619044,-0.11875411980664227
15.695250749588013,2.0425027860484137,2.3230554692722096,-0.3269356121683596
15.707053422927856,2.047387753966831,2.3232120970710346,-0.3065058154598712
15.71777081489563,2.0514911270183007,2.3233925001413565,-0.21266677525994748
15.725537538528442,2.054422107769351,2.3235936521177623,-0.11046737499058117
15.736228704452515,2.058525480820821,2.3238126191948214,-0.023668216330200588
15.743521690368652,2.061456461571871,2.324045390112838,0.04196424298265715
15.752201795578003,2.064973638473131,2.324287634931363,0.08780728692030418
15.760474681854248,2.0682954166576546,2.324534811082987,0.1175142733159734
15.773518800735474,2.073375783292808,2.324781816462393,0.13497095048816024
15.783531188964844,2.077088358910805,2.3250224160740376,0.14354660802179897
15.794504642486572,2.0813871306790115,2.3252498852853454,-0.13012771667454068
15.803526639938354,2.0852951050137447,2.325457328490925,-0.16508852167782812
15.81318712234497,2.0890076806317412,2.3256375114550503,-0.11455995812924734
15.823492527008057,2.0931110536832116,2.3257829486131865,-0.04472952548358456
15.83453917503357,2.097409825451418,2.325884113112434,-0.2574532785642537
15.845534801483154,2.101708597219625,2.3259315863771124,-0.24161416734194743
15.85731315612793,2.105811970271095,2.325917383393512,-0.15228787493830112
15.866543769836426,2.1093291471723554,2.3258334743583964,-0.054443251251633185
15.878308296203613,2.114214115090772,2.3256718122223883,0.02820711562272034
15.891523838043213,2.1192944817259254,2.3254179327486324,0.08992287670991553
15.901332378387451,2.1230070573439224,2.32505502717437,0.13209262560650953
15.910520076751709,2.1265242342451827,2.3245773726209005,-0.11766716489850734
15.921484231948853,2.130627607296652,2.3239826044100367,-0.13652354123749783
15.930838584899902,2.134535581631386,2.3232606245052114,-0.0758080242157596
15.941581010818481,2.138638954682856,2.322398038512808,-9.660947537457054e-05
15.951660871505737,2.1425469290175894,2.321382547380833,0.0660594748434592
15.960306644439697,2.1458687072021125,2.3202132859138453,0.11577637304781699
15.970520973205566,2.149972080253583,2.3188996791058387,0.14936432618792206
15.979498386383057,2.153293858438106,2.317445660175194,0.16958467600640914
15.988830804824829,2.157006434056103,2.315850227156426,0.17962377497783233
15.996535301208496,2.159742016090416,2.3141185203508283,-0.09371676260663656
16.004537343978882,2.1626729968414664,2.312266664353728,-0.12920788019098067
16.014521598815918,2.166385572459463,2.31030913554055,-0.0798176776318942
16.02352023124695,2.169902749360723,2.3082475448480615,-0.011522016341373544
16.034523248672485,2.17420152112893,2.3060717433499525,0.050023291211553106
16.042503595352173,2.177523299313453,2.30377354023719,0.09710109693148669
16.052660703659058,2.1814312736481867,2.3013589713833773,0.12941037081111115
16.061850786209106,2.185143849266183,2.2988336963945066,0.14927249095136086
16.07049822807312,2.188465627450707,2.2962031184957477,0.15956155486946472
16.07950472831726,2.1917874056352304,2.2934787451361016,0.16289843388117756
16.09151339530945,2.1962815761201737,2.2906577637876926,0.161407921134163
16.102482795715332,2.200775746605117,2.287725178317945,0.15670929060928096
16.113234281539917,2.204879119656587,2.2846756483922612,0.14998987447225187
16.122532844543457,2.2082008978411105,2.2815121933254296,0.14209657594047312
16.135369062423706,2.2128904670427905,2.278231333902498,0.13361985508741075
16.146507024765015,2.216798441377524,2.2748241984384707,0.12496241094781138
16.15898370742798,2.221488010579204,2.2712843313198765,0.11639213936518378
16.168572187423706,2.225005187480464,2.2676072477288542,-0.16795677640436185
16.177144050598145,2.228131566948251,2.2638045038412797,-0.48506464028923546
16.185521602630615,2.2312579464160374,2.2599087385014167,-1.0226879753242841
16.19655156135559,2.234579724600561,2.255941794451803,-1.516896602709052
16.205472707748413,2.237119907918138,2.2519086807358746,-2.161061655473548
16.215562105178833,2.239855489952451,2.2478141120671262,-2.9812269369980133
16.22492289543152,2.242200274553291,2.2436554203551076,-3.6664581654496358
16.233184576034546,2.2439588630039213,2.2394312912059835,-4.410087557099217
16.24763822555542,2.2463036476047615,2.235141731061894,-5.0
16.25548243522644,2.247476039905181,2.2307878107347063,-5.0
16.263484954833984,2.248257634772128,2.226392935056941,-5.0
16.27230191230774,2.2488438309223375,2.221984755178562,-5.0
16.28248620033264,2.2492346283558113,2.217572758072592,-5.0
16.2929847240448,2.249039229639074,2.213158146821137,-5.0
16.301885843276978,2.248648432205601,2.208742222844076,-5.0
16.310476541519165,2.248257634772128,2.2043333062356143,-5.0
16.320401906967163,2.2472806411884445,2.1999382833861625,-5.0
16.33109426498413,2.246108248888025,2.1955485995914032,-5.0
16.338981866836548,2.2449358565876043,2.191157017844782,-5.0
16.346486806869507,2.2435680655704475,2.18676438203981,-5.0
16.357632637023926,2.2414186796863445,2.1823710071415716,-5.0
16.36549997329712,2.2396600912357143,2.177991164935353,-5.0
16.376271724700928,2.236924509201401,2.173643624143316,-5.0
16.38450312614441,2.2343843258838243,2.1693292298324516,-5.0
16.394465923309326,2.2312579464160374,2.1650480232395983,-4.826246030018586
16.402493238449097,2.228326965664987,2.160799142934956,-4.150395481862539
16.41235113143921,2.2246143900469906,2.1565737179411193,-3.9435534132589067
16.426475524902344,2.218557029828154,2.152355942534523,-5.0
16.439496517181396,2.213281264476264,2.1481167349915937,-5.0
16.44779133796692,2.210154885008477,2.14383877265254,-4.098042123819587
16.460846424102783,2.2050745183733236,2.139522499146852,-3.8650694731544353
16.470686435699463,2.200775746605117,2.135160758728799,-1.9131255173029487
16.482500553131104,2.195499981253227,2.13074782741525,-0.30766136594297355
16.49170684814453,2.1917874056352304,2.126286993743404,1.989043474718369
16.5012309551239,2.187879431300497,2.1217813874020863,4.324123735591153
16.51250433921814,2.182799064665343,2.1172340373331777,5.0
16.521841049194336,2.1790864890473465,2.112648225622087,5.0
16.53032612800598,2.1753739134293495,2.1080271812128353,5.0
16.53980541229248,2.17127054037788,2.103373930460181,5.0
16.54846501350403,2.1673625660431464,2.0986992847351718,5.0
16.557274103164673,2.16364999042515,2.0940204384901886,5.0
16.565466165542603,2.160328212240626,2.089351947171146,5.0
16.577499389648438,2.1554432443222096,2.084698257004158,5.0
16.5892391204834,2.1505582764037925,2.080039639856746,5.0
16.60033655166626,2.1458687072021125,2.075351609958353,5.0
16.609480142593384,2.1421561315841156,2.0706371051748924,5.0
16.61843466758728,2.1380527585326456,2.065914467532738,5.0
16.626434564590454,2.134535581631386,2.061191410356449,5.0
16.63646364212036,2.130236809863179,2.0564665349995597,5.0
16.646939754486084,2.1257426393782355,2.051730640774436,5.0
16.65647554397583,2.1220300637602385,2.0469679897396404,4.888425199538552
16.666871070861816,2.1175358932752952,2.042173286402399,4.641279663377752
16.674981832504272,2.114214115090772,2.037357845483776,4.341742646231689
16.684414386749268,2.109915343322565,2.032539210627104,4.030146693711359
16.69645643234253,2.1050303754041484,2.0277166635536616,3.72550923465484
16.70673680305481,2.101122401069415,2.022873651050578,3.436287416898546
16.71500849723816,2.097605224168155,2.0180121068658803,3.165746132011842
16.724951028823853,2.093501851116685,2.0131498931641265,2.914633869253496
16.73327398300171,2.089984674215425,2.0082942397112546,2.6825134751135677
16.74147081375122,2.086272098597428,2.0034512884605298,2.4684211758539325
16.75218629837036,2.081582529395748,1.9986342276249354,2.2711904058948145
16.7610182762146,2.077869953777751,1.9938462316911079,2.0896086097919424
16.76964831352234,2.0743527768764913,1.9890820701995284,1.9224910212128934
16.781151294708252,2.0694678089580743,1.984337511237476,1.4926749973532116
16.7899911403656,2.0657552333400777,1.979609295098186,1.5940997412557867
16.802467346191406,2.060284069271451,1.974895062348627,1.5521457544624613
16.811745643615723,2.056571493653454,1.9701933002553318,1.1773309651435235
16.821499824523926,2.0522727218852475,1.9655032695240118,1.028460195478898
16.8319890499115,2.048169348833777,1.9608176189764377,0.9682873240335319
16.839431762695312,2.045042969365991,1.9561307544793702,0.9364885735010453
16.848429441452026,2.0411349950312574,1.9514602578897453,0.9086301896215888
16.856925010681152,2.037617818129997,1.9468285116356623,0.6003917747874019
16.865475177764893,2.0341006412287372,1.9422471016856342,0.5292699471855065
16.875969171524048,2.0298018694605307,1.9377187659561246,0.5416615685505519
16.884474277496338,2.025893895125797,1.9332387956179402,0.5720901736009708
16.894490242004395,2.0213997246408537,1.9288100031915116,0.5956801703552552
16.902431964874268,2.017882547739594,1.9244348858869913,0.6054378738106772
16.91149926185608,2.0143653708383336,1.9201088663701158,0.6016223606815537
16.92178249359131,2.0100665990701265,1.9158283342642366,0.5869417509786046
16.93007469177246,2.0067448208856034,1.9115905440523495,0.5645085950106479
16.93850302696228,2.003032245267607,1.907393522553597,0.5370673156392057
16.947072744369507,1.99931966964961,1.903242006093066,0.5067824558246683
16.956063985824585,1.995607094031613,1.8991462234343273,0.4752546970023301
16.966761112213135,1.9911129235466698,1.8951028851802612,0.4436139425117932
16.97747039794922,1.9866187530617263,1.8911031905268911,0.4126251794590734
16.985944032669067,1.9832969748772031,1.8871515454788177,0.38278272047585854
16.99455428123474,1.979779797975943,1.883257369242225,0.35438604596408463
17.002436876296997,1.9764580197914197,1.8794282061791472,0.32759764965783633
17.013433933258057,1.9715730518730028,1.875664330625633,0.30248574243603693
17.022443771362305,1.967860476255006,1.8719598766957448,0.27905509816231644
17.03243899345398,1.9635617044867992,1.868304013382013,0.2572689817920162
17.043378829956055,1.9592629327185926,1.8646817431539575,0.23706453773542357
17.051551818847656,1.9555503571005957,1.8610910466358375,0.2183634620817856
17.059553623199463,1.952423977632809,1.8575408078528057,0.20107931388305222
17.068891763687134,1.9489068007315489,1.854032544029556,0.18512245271601396
17.07655620574951,1.9455850225470255,1.8505669392312345,0.17040331216233348
17.087152242660522,1.9408954533453457,1.8471438699023373,0.15683451460534553
17.095451831817627,1.9377690738775588,1.8437570547038094,0.14433218485393268
17.105456352233887,1.9332749033926153,1.8404060585165904,0.13281671417033644
17.11351752281189,1.929953125208092,1.8370897482344248,0.12221315096651292
17.123446941375732,1.9258497521566218,1.8338064927804614,0.38848970084691425
17.132822036743164,1.9219417778218884,1.830554023666991,0.41262886657438375
17.140469789505005,1.918619999637365,1.82732390373442,0.07322344703878758
17.149422645568848,1.9149074240193684,1.8241140808010916,-0.043596620925528115
17.161867141723633,1.9096316586674782,1.820916090202756,0.21001312635902794
17.170581102371216,1.9057236843327447,1.8177161577179668,0.2561569049747536
17.18053650856018,1.9016203112812748,1.8145138460433425,-0.05238291879619225
17.193199157714844,1.896735343362858,1.8113017518609937,-0.1398413413149825
17.204503536224365,1.892045774161178,1.8080605322672447,0.1382220034223812
17.213995695114136,1.887942401109708,1.804779461372884,0.20345429799640896
17.222508192062378,1.8842298254917114,1.8014619722610679,0.1853194068728936
17.23513412475586,1.8789540601398211,1.7981106256546262,0.1415620783856427
17.24443030357361,1.8756322819552977,1.7947207806041807,0.09616947253935874
17.253416538238525,1.871333510187091,1.7912951018997845,0.057720868823691256
17.264301538467407,1.8668393397021477,1.7878284915824096,0.02812081807415477
17.27495765686035,1.8625405679339408,1.7843025386537832,0.006656561205344474
17.282447814941406,1.859414188466154,1.7807156818478445,-0.008189639963388725
17.29200839996338,1.8553108154146838,1.777080855646667,-0.017985773295017174
17.30242943763733,1.8510120436464772,1.773401879490622,-0.02407869017047499
17.312318325042725,1.8467132718782704,1.7696747932421228,-0.027532572858733152
17.32246708869934,1.8426098988268003,1.7658962724699048,-0.029150057953632513
17.332430601119995,1.8385065257753306,1.762063593466596,-0.029519100160079123
17.340502977371216,1.835184747590807,1.7581746140293266,-0.029061796535198227
17.34910249710083,1.8314721719728102,1.754227767433175,-0.02807655568293819
17.360411405563354,1.8269780014878667,1.7502220402280808,-0.02677159613720623
17.370452880859375,1.8228746284363966,1.7461491928227462,0.2507479893464609
17.380253076553345,1.8185758566681898,1.7420027895205226,0.28543262758939236
17.391059160232544,1.8140816861832465,1.7377935613577058,0.23190914002356078
17.39843225479126,1.8111507054321965,1.733539009401632,0.1573691889046025
17.408427715301514,1.8070473323807266,1.7292544652844812,0.08833609696722114
17.417526960372925,1.8031393580459931,1.7249454492719227,0.033132467990843135
17.42752456665039,1.798840586277786,1.7206092274578186,-0.007526974022496632
17.43828845024109,1.7941510170761064,1.7162362949817092,-0.31172592984168984
17.447807550430298,1.7902430427413727,1.7118193178349699,-0.08716937698512488
17.455880403518677,1.7869212645568493,1.7073684209671844,-0.010011622532641297
17.465431928634644,1.783013290222116,1.7029006041476358,0.005143884958161159
17.47698450088501,1.778128322303699,1.6984232763935772,-0.002606604115428091
17.484548330307007,1.7748065441191758,1.6939357144929925,-0.016228951909434318
17.49843430519104,1.7691399813338122,1.6894381525162172,-0.028959044707577142
17.508391857147217,1.7650366082823423,1.6849245180424983,-0.03863560522894384
17.518404245376587,1.7607378365141355,1.6803907956813837,-0.04502675459541164
17.526775360107422,1.7572206596128757,1.6758422061933413,-0.04860536213514828
17.539320945739746,1.7521402929777221,1.6712777030690948,-0.050015131428585644
17.5494225025177,1.7480369199262518,1.6666911970793845,-0.04985849706378184
17.55738377571106,1.7447151417417284,1.6620923985125384,-0.04862893928558508
17.567952156066895,1.7400255725400484,1.6575039866523527,-0.04670396887473613
17.580475091934204,1.7345544084714217,1.6529334998765504,0.23167798733098877
17.589407682418823,1.730646434136688,1.648381806262823,0.26736802575691765
17.598400592803955,1.7271292572354282,1.6438627703437008,-0.061116616630970316
17.60794186592102,1.723025884183958,1.6393888895858886,-0.16768166510893384
17.616828680038452,1.7197041059994347,1.634965267899537,0.0955092945229849
17.625779390335083,1.715991530381438,1.6305967099892875,0.15057093522315906
17.634465217590332,1.7122789547634414,1.6262929234375458,0.1263463722715838
17.645917654037476,1.7073939868450245,1.6220622396602289,0.07967816223776875
17.654871463775635,1.7036814112270278,1.617900982135014,0.0336939198029575
17.663405418395996,1.7003596330425044,1.6138109080425755,-0.0037374060399059626
17.67317223548889,1.6962562599910345,1.6098034676380542,-0.03125789195756921
17.683424949645996,1.6921528869395643,1.6058825740451736,-0.04998310039152447
17.693391799926758,1.6878541151713575,1.6020456676958414,-0.06171864266850934
17.703394174575806,1.6835553434031507,1.5982896760072878,-0.06823313569831377
17.713396310806274,1.679256571634944,1.59461091038064,-0.07100989956657014
17.722421646118164,1.6753485973002107,1.591005019508364,-0.07120341071496719
17.731407642364502,1.671636021682214,1.5874669754610558,-0.0696739064407379
17.740379810333252,1.6681188447809538,1.5839910830413244,-0.06704411013528758
17.750392198562622,1.6640154717294837,1.5805709932493506,-0.0637551517722196
17.75973629951477,1.6601074973947505,1.577199712329596,-0.0601137834943249
17.768516063690186,1.656785719210227,1.573875305764127,-0.3323677934734173
17.777696132659912,1.6526823461587568,1.5706001848845257,-0.36170508015484437
17.788108110427856,1.6483835743905502,1.5673691496919449,-0.02687027682438764
17.79685640335083,1.64486639748929,1.5641704279901256,0.08589341050034174
17.8044011592865,1.6417400180215034,1.560998529104666,-0.17134398272524543
17.814888954162598,1.6370504488198232,1.5578470169466963,-0.22075213170374028
17.823654651641846,1.6337286706352998,1.554696223267508,-0.19120269014824925
17.831464529037476,1.630602291167513,1.5515280732979386,-0.139548866054639
17.84086585044861,1.6261081206825696,1.5483324140007,-0.36495543064760444
17.85037851333618,1.622395545064573,1.5451068343560697,-0.3563303682784827
17.858410358428955,1.6186829694465763,1.5418556996340267,-0.26970991945837364
17.867692470550537,1.615165792545316,1.5385824053760224,-0.17119632244338678
17.87742018699646,1.6114532169273195,1.535289571114078,-0.08551635927319287
17.887221813201904,1.6071544451591129,1.5319717866126819,-0.01922182289197765
17.896297216415405,1.6034418695411163,1.5286169735062067,0.02846530602539608
17.904394388198853,1.6001200913565925,1.5252223544711252,0.06075871157277708
17.916428804397583,1.5950397247214392,1.5217856718601606,0.3572688462809045
17.92743492126465,1.5901547568030223,1.518290264876268,0.4021942563500941
17.93592143058777,1.5870283773352356,1.5147226182735962,0.07670886641758203
17.94339370727539,1.5839019978674491,1.5110871774163044,-0.03108872374668844
17.952559232711792,1.5799940235327155,1.5073960652799105,0.22810212410940953
17.960922479629517,1.576672245348192,1.5036526356716875,0.2774414027473182
17.97040319442749,1.5723734735799855,1.4998528123006916,-0.029533643355940248
17.980390787124634,1.5680747018117789,1.495993933440102,-0.11652387986721106
17.989360809326172,1.5647529236272555,1.4920821725131015,-0.11475257619430722
18.000892162322998,1.5598679557088384,1.488123627366192,0.19267878631301066
18.008423805236816,1.5569369749577884,1.484116715281935,0.2617702237742135
18.01740789413452,1.5532243993397916,1.4800684620514961,0.23784758956765156
18.02685046195984,1.549511823721795,1.4759857406623922,0.18566555370852095
18.03543210029602,1.5461900455372717,1.4718678233907978,0.1320705906859691
18.04387331008911,1.5426728686360116,1.4677151569143803,0.08661886100286553
18.05341601371765,1.5385694955845415,1.4635292551683976,0.051385654762773
18.06336998939514,1.5342707238163347,1.4593195766302522,0.025520494399890847
18.07521891593933,1.5291903571811813,1.455095216190222,0.007279979345566097
18.08337426185608,1.525868578996658,1.4508576999739478,-0.005127061811234888
18.093385219573975,1.5217652059451876,1.4466160787464037,-0.0132368618115129
18.102376699447632,1.5178572316104544,1.4423789998935912,-0.018263245817602893
18.11207127571106,1.5141446559924576,1.4381478365538898,-0.02112259796259599
18.119901418685913,1.5106274790911975,1.4339247492646294,0.25355094191349375
18.130204677581787,1.5065241060397276,1.4297125777446202,0.28632112946221666
18.140562534332275,1.5022253342715206,1.4255088232651285,0.23153624837379028
18.151681423187256,1.4977311637865773,1.421306692663963,0.1561893276105205
18.16063094139099,1.4942139868853175,1.4171134780066084,0.08666307308556308
18.172540426254272,1.4893290189669006,1.4129479914996008,0.03118110457213391
18.18241000175476,1.4852256459154307,1.4088210962623284,-0.009611203082903932
18.192391633987427,1.4809268741472237,1.4047369195972428,-0.03780756705013429
18.20240020751953,1.4768235010957538,1.400699560420003,0.21990132248718444
18.211414337158203,1.473110925477757,1.3967130227827946,0.24202983909228826
18.221370697021484,1.4690075524262869,1.392781164362172,0.1811926993892347
18.233587980270386,1.464317983224607,1.3889030072662039,0.10302536250585076
18.24314022064209,1.4604100088898735,1.3850735685178317,0.03289319178819299
18.252970457077026,1.4565020345551398,1.381293869523553,-0.021721261289264143
18.260404586791992,1.4533756550873536,1.3775741385842148,-0.060701608066345385
18.271353483200073,1.4484906871689365,1.3739274174755232,-0.08651308743027054
18.279399633407593,1.4453643077011498,1.3703602712332754,-0.10214185335884057
18.28755760192871,1.4422379282333628,1.3668777507807488,-0.11029661779453515
18.296446084976196,1.4385253526153663,1.3634878327016342,0.16286657058551232
18.3077130317688,1.4336403846969494,1.3601928228369322,0.19672037545430054
18.316680192947388,1.4301232077956894,1.3569903580781741,0.14472369140191516
18.327359437942505,1.4254336385940094,1.3538782751057643,0.07322583559012534
18.338551998138428,1.4207440693923294,1.3508513240375466,0.008154485048889444
18.347774267196655,1.4166406963408593,1.3479018850508442,-0.042581828012963424
18.355353593826294,1.413709715589809,1.3450302213593093,-0.07855137758852057
18.366663932800293,1.4092155451048658,1.3422401295252806,-0.10198919837114254
18.37436819076538,1.4064799630705522,1.3395316206826835,-0.11571474615318406
18.383388996124268,1.4027673874525557,1.3369074115840915,-0.12231651099671582
18.39322018623352,1.398468615684349,1.334369905565295,-0.12390228428175595
18.403970956802368,1.394169843916142,1.3319183648283526,-0.12208478394945646
18.411381721496582,1.3912388631650918,1.3295523482563847,-0.118051737168117
18.420926094055176,1.3873308888303586,1.3272717423710478,-0.11265494247252711
18.428359985351562,1.3842045093625719,1.3250785545630024,-0.10649255263119689
18.436376810073853,1.3810781298947854,1.3229781198362212,-0.09997658459112338
18.445101976394653,1.3773655542767886,1.3209746191283127,-0.0933850792835584
18.45273208618164,1.3738483773755286,1.3190678931078146,-0.08690101603294242
18.46396565437317,1.369354206890585,1.3172563657472962,-0.08064070894982586
18.472495317459106,1.365837029989325,1.315540160803841,-0.07467422119108821
18.482374668121338,1.3619290556545915,1.3139206911391794,-0.06903988527470771
18.49217700958252,1.3578256826031216,1.312398464365832,-0.06375454745233203
18.501498460769653,1.3545039044185982,1.3109735325792338,0.21721761304566373
18.512551307678223,1.3498143352169178,1.30964677425835,0.2549312489153157
18.5208261013031,1.346297158315658,1.308419794322636,0.20409087405242993
18.531862497329712,1.3419983865474514,1.3072955089186569,0.1319466884689761
18.54014015197754,1.3386766083629278,1.3062772369595574,0.06506671083274448
18.54835319519043,1.3349640327449313,1.3053661105919019,0.011808203376452962
18.55834984779358,1.3306652609767244,1.304562474047929,-0.027086772705796607
18.566989183425903,1.3271480840754641,1.303868582078085,-0.05364160495741773
18.57435369491577,1.3242171033244143,1.30328607369332,-0.07053379350841274
18.584677696228027,1.3201137302729442,1.3028168825917,-0.08025868944088624
18.594409465789795,1.3164011546549474,1.302466564436966,0.1911734770288147
18.60236096382141,1.3132747751871607,1.3022377384663397,0.22323366455986035
18.611039876937866,1.3093668008524273,1.3021285247199355,0.16944583526697868
18.620815992355347,1.3056542252344305,1.3021396091085917,0.09620128209922281
18.62937593460083,1.3025278457666438,1.3022740836297793,0.3054920732391668
18.638777256011963,1.299401466298857,1.302534840492031,0.5623280900507942
18.647857427597046,1.2962750868310704,1.3029210734702186,1.054965248932431
18.655815362930298,1.2933441060800202,1.303428656146306,1.5172697323859514
18.666401386260986,1.2898269291787603,1.3040574926711828,1.8637620057068673
18.67522120475769,1.2870913471444472,1.3048111543792225,2.6368407907229314
18.685340642929077,1.284160366393397,1.3056930341288602,3.092715014184529
18.6933696269989,1.281815581792557,1.3067063538351285,3.598759045876301
18.703343391418457,1.2792753984749798,1.3078492811427134,4.25766264092482
18.71334171295166,1.27693061387414,1.3091154815942145,4.789503380623991
18.722330808639526,1.2751720254235102,1.310504387175806,5.0
18.73501992225647,1.2728272408226697,1.3120261432773634,5.0
18.743345975875854,1.2714594498055134,1.3136895436777063,5.0
18.75334334373474,1.2700916587883566,1.3154908631636573,5.0
18.762914657592773,1.2691146652046732,1.3174332661888173,5.0
18.77135920524597,1.2685284690544634,1.3195249673483103,5.0
18.780350923538208,1.2679422729042533,1.3217601472014495,5.0
18.78836464881897,1.2675514754707797,1.3241337002751694,5.0
18.79842782020569,1.267356076754043,1.3266474349317001,5.0
18.80639886856079,1.2675514754707797,1.3292955382082141,5.0
18.816219329833984,1.2677468741875166,1.3320655773324306,5.0
18.82733941078186,1.2683330703377265,1.3349613736177204,5.0
18.835832834243774,1.2687238677711998,1.3379931079381555,4.750113765870987
18.84434986114502,1.2697008613548835,1.3411461693113784,4.687854500250015
18.85342240333557,1.2706778549385667,1.3444001493255604,4.089509405596322
18.864364862442017,1.27224104467246,1.3477615314468319,4.211271208147176
18.87563920021057,1.2741950318398267,1.3512522999250773,4.215199074936762
18.884320497512817,1.2759536202904564,1.3548744455391843,4.129855730821959
18.89330554008484,1.2779076074578233,1.3586126378896437,3.706385663729226
18.903303146362305,1.2804477907754,1.3624625072761285,4.038136555656501
18.913299798965454,1.28337877152645,1.3664292565560108,3.9495015688967956
18.925306797027588,1.2872867458611836,1.3705272593338724,4.799102396572185
18.93589186668396,1.2908039227624437,1.3747886616953522,4.351609972085085
18.94330596923828,1.2937349035134937,1.3792209972650529,3.5192577613892078
18.952300786972046,1.2970566816980171,1.3837904241698793,2.9549348861083136
18.961342096328735,1.300573858599277,1.388477921912402,2.2726412248224337
18.97033715248108,1.3038956367838006,1.3932767921422322,1.9307634310680655
18.9783353805542,1.3070220162515873,1.3981707333739422,1.1882104469420307
18.988333463668823,1.3111253893030574,1.4031565386679195,0.719504952815615
18.998852252960205,1.315619559788001,1.4082534047003106,-0.13267838443804192
19.00789761543274,1.3193321354059975,1.4134775729360118,-1.2208729721658966
19.017171382904053,1.3228493123072576,1.4188201998378092,-2.4396940948908696
19.029828786849976,1.3281250776591476,1.4242852234997037,-3.715762979107131
19.038309812545776,1.331446855843671,1.4298867606207861,-4.999261758451919
19.047505617141724,1.3353548301784044,1.435612853945378,-5.0
19.056601762771606,1.3392628045131378,1.4414528477409652,-5.0
19.065306901931763,1.3429753801311346,1.4473967782636816,-5.0
19.07433795928955,1.3464925570323945,1.453423571810982,-5.0
19.08343815803528,1.350400531367128,1.4595269840782725,-5.0
19.096116542816162,1.3552854992855448,1.4657256977059356,-5.0
19.105918407440186,1.3593888723370147,1.472047232023965,-5.0
19.115365743637085,1.3629060492382747,1.4785015831062185,-5.0
19.123690366744995,1.366423226139535,1.4850836515926997,-5.0
19.13147735595703,1.369354206890585,1.4917753187448324,-5.0
19.1403489112854,1.3732621812253185,1.4985475788029488,-5.0
19.149813175201416,1.3771701555600517,1.505387454726626,-5.0
19.163772583007812,1.383032117062152,1.512308251488525,-4.916989617149401
19.17134165763855,1.386158496529939,1.5193203643599011,-4.682533689349704
19.1803138256073,1.3898710721479355,1.5264064647535998,-4.3876685180860875
19.189451932907104,1.3933882490491956,1.5335510395850196,-4.0767239307501795
19.197333097457886,1.396514628516982,1.5407403112316684,-3.770760555863802
19.207399606704712,1.4008134002851889,1.5479496077649413,-3.4792850459442564
19.220521450042725,1.4062845643538158,1.5551831516610903,-2.9300651951987655
19.230374336242676,1.4099971399718125,1.562469679470761,-2.643081015685194
19.24019718170166,1.4135143168730726,1.5698205780964642,-2.463346744227634
19.248356580734253,1.416836095057596,1.5772196282073,-2.322736293810362
19.2601215839386,1.4217210629760126,1.58465287050672,-2.1935668638216024
19.26932454109192,1.4258244360274828,1.5921211541415266,-2.0663008317428275
19.277302265167236,1.4293416129287426,1.5996122422557137,-1.9390326299051526
19.28771662712097,1.4334449859802127,1.6071159176123542,-1.8126762961953913
19.296372890472412,1.4371575615982095,1.6146366590074208,-1.6888691718733355
19.30605149269104,1.4410655359329432,1.622178481062749,-1.2931014568540813
19.31521439552307,1.44477811155094,1.6297449144871037,-1.1454794396804688
19.324352025985718,1.4484906871689365,1.6373390524053488,-1.3681011268786638
19.33416175842285,1.4525940602204066,1.6449635990658533,-1.3751875931157294
19.342317581176758,1.4561112371216667,1.6526208380809193,-1.295023038500807
19.351094484329224,1.45943301530619,1.6602993274583626,-1.18645464408647
19.362290620803833,1.4639271857911336,1.6679761440434813,-1.075130752466281
19.371811389923096,1.467835160125867,1.6756455830810073,-0.9711695611241651
19.382330179214478,1.4721339318940736,1.6833166770730728,-0.8776777508930038
19.391714811325073,1.475455710078597,1.6909975173566096,-0.7947883923128182
19.399985790252686,1.478972886979857,1.6986952980326697,-0.44548618090800474
19.409311771392822,1.4828808613145905,1.7064027205873096,-0.6234973362471428
19.41887092590332,1.4867888356493237,1.7141139537629524,-0.6539609484496844
19.430288314819336,1.4916738035677406,1.7218517909986626,-0.6232786340623868
19.441677570343018,1.496167974052684,1.729635633057024,-0.5712576274379555
19.451392650604248,1.5000759483874173,1.7374681131344145,-0.5153944616426333
19.462803840637207,1.504570118872361,1.7453651955533438,-0.46272338855559725
19.47131657600403,1.508087295773621,1.7533400115035687,-0.13949663286580266
19.48047399520874,1.5117998713916176,1.7613753476297715,-0.06492843104331086
19.49093532562256,1.5160986431598242,1.7694563318384267,-0.08381710073985452
19.49972939491272,1.5194204213443476,1.7775841805176935,-0.12820423061430902
19.508313417434692,1.5233283956790813,1.7857456003972008,-0.17082985922252292
19.517293453216553,1.5268455725803411,1.7939151953677734,-0.2027394566768529
19.528430223464966,1.5313397430652846,1.8021006588339947,-0.22270279510309093
19.536883115768433,1.5350523186832816,1.8103377414231612,-0.23235397028005098
19.54635763168335,1.5389602930180148,1.8186277679847258,-0.2340626579637906
19.555194854736328,1.5426728686360116,1.8269428002372519,-0.23008046211931701
19.563299417495728,1.5461900455372717,1.8352593273302307,0.05377690623501617
19.573293685913086,1.5499026211552682,1.8435578681015024,0.09713749759666421
19.582308769226074,1.5534197980565285,1.8518373910682147,-0.22238439524185544
19.591761350631714,1.557132373674525,1.8601125965902,-0.31933831593199824
19.601496934890747,1.5610403480092587,1.8683967768483645,-0.32237204486799265
19.612277507781982,1.5651437210607286,1.8767016529187088,-0.014680239344216417
19.622288703918457,1.5688562966787254,1.8850373592703127,-0.217296811259234
19.633633375167847,1.573741264597142,1.8934279728260157,-0.2670896106318091
19.64132571220398,1.577258441498402,1.9018936879679658,-0.2550074480374036
19.651231288909912,1.5811664158331356,1.9104203800784054,0.05380129047267454
19.660109758377075,1.5848789914511323,1.9189954526459563,0.12279835094628608
19.67041826248169,1.5889823645026022,1.927622773103139,-0.17604533028796948
19.68130397796631,1.5934765349875457,1.9363043235489144,-0.2584025272753976
19.691905736923218,1.5977753067557523,1.9450399433408951,0.02373598109818531
19.70131206512451,1.6016832810904862,1.9538272542268622,0.09331259855522833
19.711749792099,1.6059820528586928,1.9626616265325407,0.08010497863760463
19.72230362892151,1.610085425910163,1.9715362322400038,0.04178902232603868
19.73232650756836,1.6141887989616328,1.9804557536226817,0.0021667451268752927
19.741355895996094,1.617705975862893,1.9894209098797215,-0.030373935671746097
19.749653816223145,1.6210277540474165,1.9984019318417596,-0.05408712584956394
19.757309675216675,1.6243495322319397,2.007357931326262,-0.0698033124034762
19.767192840576172,1.6286483040001465,2.0162529252079953,-0.07912074859652908
19.777268886566162,1.6325562783348797,2.0250670648129563,-0.0836580253134803
19.78698992729187,1.6366596513863498,2.0337940474340654,-0.08479011179908755
19.796045064926147,1.64017682828761,2.0424265829393664,-0.08359314925643763
19.8042631149292,1.6434986064721333,2.05094560207019,-0.08087053801866173
19.81427526473999,1.6474065808068667,2.0593227254649675,-0.35324187725873857
19.825013399124146,1.6522915487252834,2.067553754009608,-0.3821656518912081
19.83730721473694,1.6569811179269638,2.0756633701972813,-0.32261780571722765
19.84711241722107,1.6606936935449603,2.0836603610550233,-0.24202477474800993
19.85870099067688,1.6651878640299036,2.0915305693655806,-0.16706357286187767
19.866634130477905,1.668509642214427,2.0992607676835706,-0.10615368542453152
19.8752920627594,1.6718314203989504,2.106823058774751,-0.0600673556277259
19.88389801979065,1.6755439960169474,2.1141928947978488,-0.02678980578497475
19.89128828048706,1.6784749767679974,2.121366047682432,-0.2796762995668819
19.900663137435913,1.6823829511027306,2.1283323299626393,-0.02122634662512117
19.9082932472229,1.6855093305705175,2.1350767045204466,0.076984807583551
19.91905641555786,1.6901988997721975,2.1415940601163355,-0.1720232280693113
19.92828106880188,1.6939114753901945,2.147887710751164,-0.20742167766786582
19.93828797340393,1.6978194497249277,2.153961095253411,-0.16482307500130672
19.948266983032227,1.7019228227763976,2.1598178099813357,-0.1032252791119482
19.95670223236084,1.705244600960921,2.1654562533729136,-0.045974620874469845
19.96686863899231,1.7093479740123914,2.1708758393454177,-0.00044967057556737425
19.976265907287598,1.7132559483471248,2.1760827951884174,0.03265525725722224
19.986771821975708,1.7175547201153312,2.18108321729821,0.05507913848064026
19.995713233947754,1.7210718970165915,2.185883098886596,0.06914223560159355
20.004369735717773,1.7243936752011149,2.1904839705220494,0.07701146496139619
20.01263165473938,1.7277154533856383,2.194883850191549,0.0804669777441957
20.02110981941223,1.7312326302868983,2.1990868560412027,0.08087912262751466
20.031066179275513,1.7353360033383685,2.203102083264901,0.07926244604786344
20.042429447174072,1.740220971256785,2.2069415891784563,0.0763485081546485
20.05468463897705,1.7453013378919386,2.2106195049242667,0.07265431822039116
20.06228733062744,1.748232318642989,2.214141245818554,0.068538931397739
20.071561336517334,1.7521402929777221,2.217505486860411,0.0642473754966014
20.080257177352905,1.7554620711622455,2.2207157492356258,0.05994352026735844
20.089869022369385,1.7595654442137154,2.2237793387371227,0.055734114904890074
20.099247217178345,1.7632780198317124,2.2267031591061675,-0.22435225963907982
20.109241247177124,1.7671859941664456,2.22949103311832,-0.2613240203019266
20.118814706802368,1.771093968501179,2.232146920691482,0.0661860071532053
20.126258611679077,1.774024949252229,2.2346778647255086,0.17199967340135303
20.13672113418579,1.7785191197371728,2.237090588684547,-0.09177984100572234
20.144267320632935,1.781254701771486,2.2393891524140974,-0.14731053407578001
20.153273344039917,1.7849672773894825,2.241573288447621,-0.12346654858302769
20.16227698326111,1.7886798530074792,2.2436460443178277,0.19892568442489603
20.17245054244995,1.7929786247756863,2.245615556314621,0.2777704609695274
20.180338859558105,1.7959096055267365,2.247489416109694,0.2598792034578278
20.18925976753235,1.7998175798614697,2.249272687510868,0.21111973146568197
20.201111793518066,1.8048979464966233,2.250970215458041,0.15915155731180525
20.21061682701111,1.8088059208313563,2.2525906345782847,0.3901526751420725
20.22002100944519,1.8123230977326166,2.254141766875075,0.38765950082305545
20.22828221321106,1.81564487591714,2.2556269233301767,0.3058029535426353
20.237223625183105,1.8193574515351367,2.2570476019430488,-0.06576385096919807
20.247252941131592,1.8234608245866066,2.2584072915309803,0.09284622011665175
20.257240056991577,1.8275641976380768,2.2597110852673965,0.11488481731864437
20.26737117767334,1.8314721719728102,2.260963611210171,0.08738144865374273
20.2762770652771,1.835184747590807,2.262169074254163,0.04810262964220752
20.287070274353027,1.8394835193590138,2.263331270837155,0.0119178596755515
20.295926809310913,1.8431960949770103,2.264453605122899,-0.016538534521048788
20.304269075393677,1.8463224744447972,2.2655377681,-0.03690121440813106
20.3133282661438,1.8502304487795302,2.2665840318461563,-0.32638435421481177
20.32233452796936,1.853552226964054,2.267594251682632,-0.367567513623073
20.331920623779297,1.8578509987322607,2.2685728409088273,-0.040524109213243564
20.339246034622192,1.860586580766574,2.2695236371427123,0.06739793154000594
20.34928059577942,1.8646899538180441,2.2704474242800075,-0.1925894294045638
20.357455492019653,1.8680117320025675,2.2713437719703395,-0.24329658628468198
20.36934542655945,1.8727013012042475,2.272212532765959,-0.2140615986135047
20.377266883850098,1.8760230793887709,2.2730549423638506,-0.16207114887089863
20.387126684188843,1.8799310537235043,2.2738733746604356,-0.11068677200597352
20.395768404006958,1.8834482306247644,2.2746699253649494,-0.06793234094793241
20.403251886367798,1.8865746100925513,2.2754453660937632,-0.035264906249323914
20.416125297546387,1.8918503754444413,2.2762004066279578,-0.011629118096239767
20.42626190185547,1.8957583497791746,2.2769378171117487,0.2807855892160041
20.436243772506714,1.899666324113908,2.2776608294460905,0.32478052735881935
20.449732065200806,1.9051374881825347,2.2783719192105742,0.27652789525369775
20.45951008796692,1.909240861234005,2.2790721398125373,0.20442121088565596
20.469285011291504,1.9131488355687383,2.279760543090273,0.13588073718818397
20.479043006896973,1.9172522086202084,2.280436364500181,0.07988070448297019
20.487329721450806,1.9207693855214683,2.2810998710230015,0.03760013153745853
20.49722194671631,1.9246773598562017,2.2817504387710925,0.0073193319157021375
20.50596332550049,1.9283899354741985,2.2823875842280312,-0.013432020750603249
20.515686750411987,1.9321025110921954,2.2830118128732333,0.24902740943706825
20.524765491485596,1.9358150867101922,2.283623588228411,-0.0022516283026081663
20.532269716262817,1.9391368648947156,2.2842233385064303,-0.0951460563260311
20.541250705718994,1.9428494405127124,2.2848106859155486,-0.11824894602040771
20.550430059432983,1.9461712186972357,2.2853845821411243,0.1629679356999782
20.558247566223145,1.949492996881759,2.2859449967349685,0.21075060138196477
20.569427251815796,1.953791768649966,2.2864920183681234,-0.10427862387522732
20.578325748443604,1.9573089455512258,2.2870250469376936,-0.198988022050826
20.590118646621704,1.9621939134696424,2.287545086643463,-0.20237179398813457
20.598264932632446,1.9653202929374292,2.2880544428797602,-0.17327733608087076
20.6065571308136,1.9686420711219526,2.2885536932792827,-0.13717350713292775
20.615440368652344,1.9723546467399493,2.289041997107408,-0.10402630612445005
20.624605894088745,1.9762626210746828,2.2895193666306963,-0.07688079183061418
20.63431191444397,1.9801705954094162,2.289986512129063,-0.05590289887275776
20.64228844642639,1.9832969748772031,2.290443439335058,-0.040225944860613025
20.653247833251953,1.9875957466454097,2.2908895805018576,-0.02875180311294427
20.6612286567688,1.9907221261131967,2.291324521890137,-0.02046603220911853
20.669239282608032,1.99404390429772,2.2917468032052937,-0.01453562080225769
20.67731547355652,1.9973656824822434,2.2921535189481337,0.2657223738075938
20.685213565826416,2.0006874606667666,2.2925418029743123,0.3018378030685689
20.693305492401123,2.00400923885129,2.2929094703139614,0.24885534109081764
20.701297998428345,2.0073310170358134,2.293254940334283,0.17426376181685943
20.70924735069275,2.0104573965036003,2.293577163933518,0.10479528169376229
20.717302799224854,2.0137791746881235,2.293875555087188,0.048917907340279176
20.725311756134033,2.0167101554391738,2.2941499269616004,0.0074465552837601305
20.733216285705566,2.020031933623697,2.294400432717241,-0.021595859365882833
20.741279363632202,2.0233537118082205,2.294627511045015,-0.31689730675336547
20.749274730682373,2.0268708887094804,2.294831836410336,-0.36198576031903396
20.757238149642944,2.0303880656107403,2.295014273922954,-0.3135949945728162
20.76528525352478,2.033709843795264,2.295175838703145,-0.24053502576504535
20.773234128952026,2.036640824546314,2.295317659576614,-0.17052654733575362
20.78127932548523,2.0397672040141006,2.295440946900277,-0.11275594114186523
20.789221048355103,2.0428935834818875,2.2955469642980852,-0.0685492736909431
20.797280311584473,2.0462153616664107,2.295637004069515,-0.036286870046620026
20.80535578727722,2.0495371398509343,2.295712366022394,-0.013564933599827196
20.813282251358032,2.052468120601984,2.295774339475713,0.0019305836875383314
20.821279048919678,2.0557898987865078,2.295824188176261,0.012131878716794947
20.829280853271484,2.0589162782542942,2.29586313787472,-0.25749375409988956
20.837281465530396,2.0626288538722912,2.2958923663116635,-0.28686650271992525
20.845396757125854,2.0657552333400777,2.2959129953712063,0.04618375732051888
20.853276014328003,2.0690770115246013,2.295926085169357,0.15606211197537384
20.861284732818604,2.0722033909923883,2.295932629855034,0.1713294803679089
20.869252920150757,2.0753297704601747,2.2959335549137783,0.15117535742509025
20.877277612686157,2.0786515486446984,2.2959297157771403,0.12163069334224225
20.88535237312317,2.0819733268292215,2.295921897554227,0.093216192867949
20.893277168273926,2.0852951050137447,2.295910815715667,0.06944576585134735
20.90131187438965,2.0886168831982683,2.295897117574133,-0.2251845972477225
20.909247636795044,2.092134060099528,2.2958813844192787,-0.2723115159308247
20.917280197143555,2.095260439567315,2.2958641341784323,-0.5035588324495492
20.925281763076782,2.098386819035102,2.2958458244874187,-0.46807486126491205
20.93323564529419,2.1015131985028885,2.295826856068429,-0.34782847162956126
20.941282987594604,2.1044441792539383,2.29580757632378,-0.21896145562430241
20.949286460876465,2.107765957438462,2.2957882830656913,-0.10917579350146431
20.957347869873047,2.1108923369062484,2.2957692283127606,-0.025083493610067217
20.96529984474182,2.114214115090772,2.29575062209367,0.035059008586737994
20.9732449054718,2.1175358932752952,2.2957326362077217,-0.20039646727322594
20.982208967208862,2.1210530701765555,2.2957166170759233,-0.207854834368071
20.99334740638733,2.125351841944762,2.2957060498378534,-0.1379867846802039
21.00223207473755,2.1288690188460224,2.2957049322112626,-0.054838716812719054
21.01137685775757,2.132581594464019,2.295716420510883,0.017445448615449936
21.01992917060852,2.136098771365279,2.2957429170903634,0.0722881006434986
21.02907371520996,2.1400067457000125,2.2957861864842575,0.11022702426356709
21.038267374038696,2.143719321318009,2.295847421734107,-0.1418465321213232
21.046767711639404,2.1472364982192693,2.2959273086522836,-0.16166961329060175
21.05731773376465,2.1513398712707392,2.2960260898258413,-0.10100162065878313
21.06736159324646,2.1554432443222096,2.296143649963515,-0.02473040141513845
21.075682163238525,2.1587650225067327,2.2962795942494094,0.04237028995822057
21.083231449127197,2.161696003257783,2.2964327754070615,0.09326049651688044
21.097288846969604,2.166971768609673,2.2966019350939084,0.12814266176088265
21.107261180877686,2.17127054037788,2.296786724144543,0.14970491436411404
21.119901180267334,2.176350907013033,2.296987035523983,0.16108486812993064
21.13252592086792,2.1814312736481867,2.2972029297331624,0.16509091203713855
21.14517378807068,2.18651164028334,2.297434601988098,0.1639803176830294
21.157211780548096,2.19120120948502,2.2976814632113416,0.15946541492384048
21.16772747039795,2.195499981253227,2.29794228802599,0.15279857140331238
21.177261114120483,2.1992125568712235,2.298215797536182,-0.13116643930883956
21.18817687034607,2.2037067273561672,2.298500249438886,-0.17285575087103952
21.198307037353516,2.208005499124374,2.298793946764157,0.14950131057887872
21.208200931549072,2.2113272773088974,2.2990953308474364,0.25000108705770135
21.21720290184021,2.2146490554934206,2.2994021501194566,-0.01907051247853378
21.226208448410034,2.217970833677944,2.29971238458489,-0.07975328535133747
21.23418354988098,2.2212926118624674,2.300024647797853,0.21519026991013254
21.244816303253174,2.2257867823474107,2.30033807614552,0.2899855844137177
21.253141164779663,2.229303959248671,2.300652279409757,0.2762022286245417
21.26717710494995,2.2349705220340343,2.3009669005786564,-0.0428374078211477
21.28029465675354,2.2400508886691877,2.301281961265895,-0.12299962714098314
21.29103446006775,2.2443496604373943,2.3015974061067053,-0.10953650094987302
21.3012912273407,2.248257634772128,2.301912377188469,-0.0671695694690578
21.31135106086731,2.252361007823598,2.3022257405178426,-0.02273929483280681
21.320037603378296,2.2558781847248577,2.302536517042455,0.014186495656667016
21.330325603485107,2.2597861590595913,2.3028438845445285,0.04150970410996877
21.340999126434326,2.263694133394325,2.303147494561245,-0.21598700458650386
21.350176095962524,2.267015911578848,2.303447384469056,-0.23764114821913596
21.35917043685913,2.270337689763372,2.3037432580334083,-0.4524263645111084
21.37117099761963,2.2746364615315784,2.3040348689014003,-0.6831614787296534
21.386217832565308,2.279521429449995,2.304322953475144,-1.4190715699917886
21.397224187850952,2.2830386063512553,2.304608426484351,-2.1607962276821695
21.40695810317993,2.286164985819042,2.304891105410104,-2.7375359360690927
21.416204690933228,2.288900567853355,2.3051701987932147,-3.1187195149539626
21.426209211349487,2.2920269473211423,2.3054450513584253,-3.6031228656503207
21.436610460281372,2.2945671306387183,2.305715426441079,-3.709450512171182
21.448179006576538,2.2969119152395585,2.3059817023342357,-5.0
21.459794282913208,2.2994520985571354,2.3062444751915585,-5.0
21.470230102539062,2.301601484441239,2.306503681445965,-5.0
21.480076789855957,2.3029692754583957,2.30675869505902,-5.0
21.49040985107422,2.3043370664755525,2.307009271035952,-5.0
21.49825406074524,2.3053140600592354,2.307255228799289,-5.0
21.507265329360962,2.306095654926182,2.307495902540717,-5.0
21.515387058258057,2.3068772497931285,2.3077304965381353,-4.941181601135101
21.523204803466797,2.3072680472266023,2.3079583888551296,-4.85398903242955
21.532205820083618,2.307463445943339,2.308179116433891,-5.0
21.5413019657135,2.3076588446600756,2.3083925897573687,-5.0
21.55108642578125,2.3076588446600756,2.3085990340347555,-5.0
21.56217312812805,2.3076588446600756,2.3087986705431605,-5.0
21.5717716217041,2.307463445943339,2.3089916973808857,-4.7922205153002695
21.580894470214844,2.307463445943339,2.30917830746608,-4.301664123803988
21.588236570358276,2.3072680472266023,2.3093585030671684,-3.209562593860479
21.59718656539917,2.3070726485098656,2.3095321228846992,-2.092748068899923
21.608160495758057,2.3068772497931285,2.3096992577762028,-0.879019382780901
21.617141485214233,2.3064864523596555,2.3098602091133182,0.42189380514055974
21.628856658935547,2.306291053642919,2.31003531575968,1.4986441712756589
21.63640570640564,2.306095654926182,2.310253073256888,2.556686168853253
21.647597551345825,2.3057048574927084,2.310511662863156,3.376995858189359
21.656938314437866,2.305509458775972,2.310801049869554,3.9243729529995672
21.666686058044434,2.3053140600592354,2.311117606257102,4.508809988601193
21.678714275360107,2.304923262625762,2.3114526939032705,4.66399320883143
21.68844509124756,2.3047278639090254,2.311795626108383,4.87154232984105
21.69695806503296,2.3043370664755525,2.312134505997759,4.998060429951707
21.710173845291138,2.303946269042079,2.3124548795303848,4.738433017473772
21.720536947250366,2.303750870325342,2.312737354740521,4.622973121782119
21.73408031463623,2.3033600728918686,2.3129583804089857,4.520396869215672
21.745165586471558,2.3029692754583957,2.3130920015886685,4.387213875292579
21.75517511367798,2.3029692754583957,2.3131147078642202,4.216833712994525
21.763871669769287,2.302578478024922,2.3130061736573624,4.0162462887604296
21.77404284477234,2.302187680591449,2.312746742851305,3.7958487813222788
21.786288022994995,2.3017968831579756,2.312318145298254,3.565397768129804
21.795143127441406,2.301601484441239,2.311703917993434,3.332710445373453
21.803176403045654,2.301210687007765,2.3109005370189317,2.827482737238073
21.812151193618774,2.301015288291029,2.309916009575278,2.5725988563881943
21.824272632598877,2.3006244908575555,2.3087472552468786,2.4158824390090663
21.8342604637146,2.3002336934240817,2.3073759064260337,2.291561474901444
21.84317374229431,2.300038294707345,2.3057933798933994,2.1737940922288788
21.8521568775177,2.299647497273872,2.3040117007652996,2.0544272363794427
21.861177921295166,2.2994520985571354,2.3020433276045655,1.9325719259418956
21.870906829833984,2.299061301123662,2.299894997153967,1.8098769789988065
21.88126301765442,2.298670503690189,2.297574166163614,1.6885051852721324
21.891155004501343,2.298475104973452,2.295089096298897,1.5703580254659468
21.901176691055298,2.2980843075399786,2.292448975742445,1.456852861839745
21.910486698150635,2.297888908823242,2.289663766026631,1.3489261677303996
21.919832944869995,2.2976935101065057,2.2867440115284605,1.2471146986734905
21.9286367893219,2.2973027126730323,2.2837006592372453,1.1516511348201974
21.940526247024536,2.296716516522822,2.280539120864698,1.062549859956751
21.950716018676758,2.296325719089349,2.2772602146519927,0.9796758860526108
21.961464166641235,2.2955441242224017,2.273866890368383,0.35072032810915865
21.969122171401978,2.2949579280721917,2.2703694439085056,-0.06274222814432434
21.980588674545288,2.2935901370550353,2.266784072414219,-0.8795819647851087
21.99065613746643,2.2922223460378786,2.2631203289395283,-1.9365929796501076
22.001173496246338,2.290659156303985,2.259387883262033,-3.1229062972018404
22.01074719429016,2.2887051691366187,2.255602087824374,-3.811942190638767
22.021125078201294,2.2869465806859886,2.2517765739961004,-4.992309706506083
22.030822277069092,2.2840155999349383,2.2479177423347747,-5.0
22.042139291763306,2.2818662140508352,2.2440259077401854,-5.0
22.05094861984253,2.2797168281667317,2.24010689415671,-5.0
22.060154676437378,2.277176644849155,2.2361709049355887,-5.0
22.070977926254272,2.2744410628148417,2.23222603633626,-5.0
22.081149578094482,2.2709238859135814,2.228278305619794,-5.0
22.090746879577637,2.267602107729058,2.22433175656032,-5.0
22.101167678833008,2.2638895321110617,2.2203885788684916,-5.0
22.110928773880005,2.260567753926538,2.2164492841611194,-5.0
22.121161460876465,2.2564643808750677,2.21251292824137,-5.0
22.134124040603638,2.250993216806441,2.208570431185786,-5.0
22.14316463470459,2.247085242471708,2.2046058503773898,-4.738879660216043
22.155300855636597,2.2420048758365545,2.2006038937291086,-4.216365898278828
22.163774013519287,2.238487698935294,2.196549913904298,-2.830249599360934
22.172393560409546,2.2347751233172977,2.1924381724487487,-1.6714907448160286
22.18103289604187,2.2312579464160374,2.1882708864664804,-0.510008921106253
22.191100358963013,2.2269591746478308,2.1840494890849187,0.7138266189016973
22.20221519470215,2.2216834092959403,2.179774824557099,1.992683743208004
22.21475648880005,2.2164076439440503,2.1754393276542956,3.022362759121701
22.224347591400146,2.212499669609317,2.171028307750363,3.73989905799988
22.236713647842407,2.207810100407637,2.166529005180979,4.451753076188495
22.24463200569153,2.2042929235063773,2.161930498636172,4.973104099624955
22.25535297393799,2.199603354304697,2.1572321583756504,5.0
22.263761281967163,2.1958907786867,2.1524421499994033,5.0
22.27207851409912,2.1925690005021767,2.1475677639593975,5.0
22.284613847732544,2.1874886338670234,2.1426066723016968,5.0
22.295422792434692,2.182799064665343,2.137548390190846,4.891776491505453
22.303196907043457,2.17947728648082,2.1324024131834896,4.69008431624295
22.31314754486084,2.175178514712613,2.12719520550623,4.440335731786149
22.32118058204651,2.1714659390946163,2.1219404477657204,4.169281185834092
22.33017349243164,2.167557964759883,2.1166317587115344,3.8928351097814935
22.338117599487305,2.164431585292096,2.1112641341759737,3.8965020538477493
22.350144863128662,2.1595466173736795,2.105843017182872,3.3908339270161787
22.359127521514893,2.1560294404724196,2.100364430899599,3.0525852040080537
22.36954426765442,2.1515352699874764,2.0948166347203974,3.0719201236331886
22.37834072113037,2.1478226943694794,2.089190738131128,2.889821940295146
22.39068865776062,2.1425469290175894,2.083480529612364,2.3667447296749664
22.399686574935913,2.1388343533995924,2.077682248602284,2.0808943652103533
22.40815305709839,2.1351217777815954,2.0718122977867233,2.176810241752311
22.417153120040894,2.130823006013389,2.0659038534625167,2.075270748775662
22.428345203399658,2.1263288355284455,2.0599679142331415,1.6285015218155798
22.438154220581055,2.1222254624769756,2.0539967354132376,1.4119508150521272
22.448137283325195,2.1181220894255053,2.0479935737452726,1.5697700559751673
22.4591805934906,2.1132371215070886,2.04196218828678,1.5232751639274609
22.467668533325195,2.1097199446058283,2.035897971205443,1.401545848585093
22.477317333221436,2.1056165715543584,2.0298067540007083,0.9858627089951627
22.489603996276855,2.1009270023526785,2.0236946590736817,1.094752601369148
22.49753999710083,2.097409825451418,2.0175594128344874,1.062690539589288
22.507134437561035,2.0936972498334216,2.0114087030427417,0.7025430941562314
22.51946187019348,2.088226085764795,2.005250461548036,0.5727880123679918
22.528647899627686,2.084122712713325,1.9990843542182821,0.5349992810647692
22.537368059158325,2.0802147383785914,1.9929193502866691,0.8036219418711767
22.548436164855957,2.0753297704601747,1.986764462227162,0.5581505827238977
22.55611777305603,2.0723987897091245,1.980628161359522,0.46312106007543136
22.566300868988037,2.068100017940918,1.9745336408393277,0.429031965361999
22.578925132751465,2.062824252589028,1.9684935723203671,0.4158942328548124
22.58718466758728,2.0591116769710314,1.9625112620045984,0.40700827736010464
22.59930419921875,2.0540313103358776,1.9565972101914386,0.39629562627913506
22.6088924407959,2.049732538567671,1.950753322657648,0.3822746354094104
22.617100715637207,2.0468015578166208,1.9449880721517994,0.36526505176806456
22.628242015838623,2.0417211911814674,1.939315568028401,0.07010342184621597
22.638098001480103,2.038008615563471,1.933733445552793,0.016654661323695356
22.648536920547485,2.033514445078527,1.9282325786190955,0.05099285331114277
22.65718150138855,2.0298018694605307,1.922811683857643,0.10646227328945126
22.666903495788574,2.0255030976923236,1.917482355188652,-0.11911914807322142
22.67607283592224,2.0215951233575904,1.912253557465319,-0.11487068083325402
22.686151027679443,2.017100952872647,1.9071251830620009,-0.0360457500687445
22.69609260559082,2.0131929785379135,1.9020959288373358,0.3282869737849057
22.70639657974243,2.008894206769707,1.8971633396457699,0.43535218611697335
22.714789628982544,2.00518163115171,1.8923238646892724,0.157972283483842
22.72428321838379,2.0012736568169767,1.8875729104847905,0.0836459276090985
22.732486248016357,1.99756108119898,1.8829049053404445,0.36385942995420095
22.741681814193726,1.9938485055809834,1.8783134020702175,0.42458952836230424
22.749300718307495,1.9903313286797228,1.873791200904243,0.3980121776648631
22.75906777381897,1.9866187530617263,1.869330460860177,0.06755701917725915
22.77312660217285,1.980952190276363,1.864915604314414,0.25330572182114997
22.782127380371094,1.9770442159416295,1.8605245836530362,0.2909017859064424
22.793978452682495,1.9717684505897393,1.8561370310667085,0.2701586267688535
22.803083896636963,1.9680558749717427,1.851741990724088,0.2313295344683724
22.81490445137024,1.9631709070533259,1.8473368453501884,0.19127834481288764
22.8252010345459,1.958872135285119,1.8429109035559652,0.15614802570587571
22.836873531341553,1.953791768649966,1.8384467904064663,0.12740321123742387
22.848820686340332,1.9491021994482856,1.8339213771362173,0.1046472054766951
22.857511520385742,1.9455850225470255,1.8293151393287344,0.08688747074866798
22.866177797317505,1.9420678456457654,1.8246279488145183,0.07306823524245534
22.876725435256958,1.9373782764440857,1.819860244395206,0.06226667640896117
22.8847074508667,1.933470302109352,1.8150132146856475,0.053741905525602006
22.895118951797485,1.9295623277746186,1.8101049225171528,0.04692506396369064
22.90547275543213,1.9252635560064117,1.8051512077049359,0.04139027477244776
22.91493535041809,1.9213555816716783,1.8001577630415004,0.036823233093630225
22.928133964538574,1.9158844176030516,1.7951215572964248,0.032993665235692055
22.93953227996826,1.910804050967898,1.790024018603127,0.029733257858286954
22.950098752975464,1.9063098804829548,1.7848501575211022,0.026918798462964424
22.962899684906006,1.9008387164143281,1.7795964014595718,0.024459656021458158
22.975011348724365,1.8959537484959115,1.774252343275323,0.022288646830686105
22.983080625534058,1.8928273690281245,1.7688184672476293,0.020355444530978893
22.9936306476593,1.8881377998264446,1.763312621283755,0.01862185915272721
23.003080368041992,1.8842298254917114,1.7577505639373348,0.017058469335199316
23.012147903442383,1.8805172498737142,1.7521544462326273,0.015642224921599
23.0240797996521,1.8756322819552977,1.746534486772613,0.01435474106756493
23.036688566207886,1.8703565166034077,1.7408734291983345,0.2892194428317468
23.046275854110718,1.8660577448352007,1.7351561124608808,0.32127186203726865
23.05774235725403,1.861368175633521,1.7293775825677173,0.2651935042653324
23.06653118133545,1.8574602012987873,1.7235329865303708,0.18820960223218183
23.079111337661743,1.8523798346636338,1.71761747216229,0.11686254110639613
23.088065147399902,1.848667259045637,1.711635640069788,0.05948413387344096
23.09762144088745,1.8447592847109036,1.7056001967738577,0.016791720961727527
23.106096982955933,1.8412421078096437,1.6995215060061042,-0.013261743976874626
23.11603307723999,1.8371387347581736,1.6934177106980426,-0.0333761684020314
23.130859375,1.8308859758226002,1.6872836264463589,-0.046067967120254585
23.140897750854492,1.8265872040543936,1.6810846900060894,-0.05340542299902294
23.152815341949463,1.8217022361359765,1.6748010284408152,-0.05698379879041268
23.163464069366455,1.8172080656510334,1.6684154567473106,-0.05798805380785085
23.175087690353394,1.8123230977326166,1.6619139453783924,-0.05727677683714907
23.188332319259644,1.8070473323807266,1.6552853129979586,-0.05546091986856719
23.197527647018433,1.8029439593292562,1.6485110335944781,-0.05296886992629563
23.20647621154785,1.7990359849945228,1.6416082514386559,-0.050096948896425374
23.215043544769287,1.7955188080932627,1.6346241770471523,-0.04704721098527986
23.227914571762085,1.790047644024636,1.627579309254615,-0.04395509970963808
23.240416049957275,1.7847718786727458,1.6204612676166077,-0.04090938415649807
23.250505685806274,1.7804731069045392,1.6132611120144071,-0.03796638137123891
23.25914716720581,1.7769559300032791,1.6059933977190306,-0.03516002604991518
23.268086671829224,1.7732433543852826,1.5986920664149982,-0.03250895841049111
23.277196407318115,1.7695307787672858,1.591396777825975,0.24601687092349964
23.285926580429077,1.7656228044325524,1.5841314951505707,0.28146390381995756
23.294722318649292,1.762301026248029,1.5769066793109228,0.22852706116730337
23.30305790901184,1.758588450630032,1.5697410160158962,-0.12159207372082464
23.31512951850891,1.7537034827116156,1.5626501832724198,0.052654553162001766
23.32510542869568,1.7494047109434088,1.5556277120626147,0.08596988191068816
23.337080001831055,1.7443243443082552,1.5486584902075726,0.06654378161499942
23.347084522247314,1.740220971256785,1.541730042868543,0.03302737484380604
23.356059312820435,1.7363129969220519,1.5348414933252137,0.0009456781758979231
23.369081020355225,1.7304510354199514,1.527992651204355,-0.024589867609870572
23.37857699394226,1.7265430610852182,1.521165599953018,-0.04287072070110231
23.38707447052002,1.7232212829006948,1.5143549695706553,-0.05482775200883262
23.396129369735718,1.7197041059994347,1.5075839570186504,-0.061818743729817334
23.406240224838257,1.7154053342312279,1.500872562319645,-0.06514055735202845
23.414997816085815,1.7114973598964947,1.4942289162629994,-0.06586806434999332
23.42506241798401,1.7073939868450245,1.4876600168950034,-0.06483156151318772
23.433059692382812,1.7040722086605014,1.4811718735484818,-0.06264600431041412
23.445806980133057,1.6987964433086111,1.4747615381954293,-0.05975395541861415
23.45607280731201,1.6948884689738777,1.4684187416744774,-0.056466858027342984
23.46964693069458,1.688831108755041,1.4621282219433602,-0.05299950122719227
23.481091499328613,1.6841415395533608,1.4558707708361605,0.22654145500394848
23.492114305496216,1.679256571634944,1.4496467072890236,0.26310847142921084
23.50110173225403,1.6755439960169474,1.4434725413741474,-0.06470551521969309
23.51054358482361,1.671636021682214,1.4373625944664106,-0.17075070153379748
23.519402503967285,1.6679234460642172,1.4313290805167436,-0.18318874032202764
23.528351545333862,1.6644062691629573,1.4253821951317256,-0.16092378535331825
23.536715507507324,1.660889092261697,1.4195301973601508,-0.12978372241467595
23.545130968093872,1.6575673140771736,1.413779518613138,-0.10014508199916444
23.554073095321655,1.6538547384591769,1.4081348695682445,-0.07541950033091173
23.568110942840576,1.6479927769570768,1.4025860816576357,-0.05606875009235668
23.577609062194824,1.6436940051888702,1.3971104744762066,-0.041452513118364794
23.58713388442993,1.6399814295708732,1.3917081027009763,-0.030640444283203675
23.598243236541748,1.63548725908593,1.386391462071376,-0.29877828501475795
23.609130144119263,1.6309930886009865,1.3811567663194184,-0.32616810778891575
23.617905139923096,1.6268897155495166,1.3759995729203809,-0.2669189851602049
23.629955053329468,1.621809348914363,1.370914674777875,-0.4638647872679428
23.6400785446167,1.617510577146156,1.365889502804634,-0.42428091561447867
23.649946212768555,1.6136026028114228,1.3609187515186918,-0.034925693958118564
23.661166429519653,1.6091084323264795,1.3560032999631062,0.11745915893342979
23.670098543167114,1.6053958567084827,1.3511424983381042,0.16317692112600019
23.679537057876587,1.6014878823737493,1.346334381903098,0.16390338224345252
23.68844509124756,1.5975799080390158,1.3415758920605114,0.14803777621553613
23.69741940498352,1.5938673324210193,1.3368630828895784,0.12806753639746865
23.70624017715454,1.5901547568030223,1.3321987495946739,0.10903313962759256
23.715153694152832,1.5866375799017622,1.3275914714537231,0.09260822203000935
23.72704768180847,1.5815572132666087,1.3230398603374174,0.07903299240518176
23.738625288009644,1.576672245348192,1.3185264378594437,0.06800626002733993
23.75011396408081,1.5715918787130385,1.3140276796026717,0.05907914779448936
23.759045600891113,1.567879303095042,1.3095305986643404,0.05181531479902708
23.76905059814453,1.5639713287603085,1.3050315105294141,0.04584540220958995
23.780186891555786,1.5594771582753653,1.3005192943484827,0.04087627055637093
23.790162324905396,1.555373785223895,1.2959767288461759,0.03668301013205927
23.801074028015137,1.5510750134556883,1.2913973558643892,0.03309610360239705
23.81209659576416,1.5463854442540081,1.2867840049964159,0.029988802024312235
23.821149587631226,1.5428682673527483,1.282139613477564,0.02726645491620637
23.82908344268799,1.5393510904514882,1.2774672081967606,0.02485811163892942
23.840216636657715,1.534661521249808,1.2727621968498173,0.02271016547815485
23.850276947021484,1.5303627494816012,1.2680136301262734,0.02078165497375667
23.859240531921387,1.526454775146868,1.2632206981491476,0.01904083988680564
23.86803364753723,1.5227421995288712,1.2583987606580358,0.017462727512188254
23.879340171813965,1.5182480290439277,1.2535612625985455,0.016027294032039955
23.88855004310608,1.5141446559924576,1.2487045585854464,0.014718207988634505
23.89857006072998,1.5100412829409877,1.24382575757859,0.2895602733510367
23.908506870269775,1.5059379098895176,1.2389302966061704,0.3215899340883003
23.91607403755188,1.5028115304217309,1.2340307184364938,0.26548928578715636
23.92504644393921,1.4990989548037343,1.2291452447353226,0.18848392972339656
23.937029361724854,1.494409385602054,1.2242735844863146,0.11711646825548473
23.947065830230713,1.4903060125505836,1.2193998184424737,0.05971882890733006
23.95605230331421,1.486202639499114,1.214517998542212,0.0170083978109287
23.96905755996704,1.4807314754304872,1.2096228845191894,-0.013061871093763017
23.979493618011475,1.4764327036622804,1.2046943044769425,-0.03319191422773103
23.99003291130066,1.4721339318940736,1.1997151773395802,-0.045898193497355966
23.99878740310669,1.4686167549928135,1.194686875178903,-0.0532490494194021
24.00703454017639,1.4650995780915532,1.1896265941600808,-0.056839807805342875
24.018911838531494,1.4604100088898735,1.184548754155419,-0.05785549299767161
24.02908730506897,1.4561112371216667,1.179449062153099,-0.05715475851918934
24.038431644439697,1.4522032627869332,1.1743150410495122,-0.05534861935533063
24.04703140258789,1.4484906871689365,1.1691437471357882,-0.05286552289169323
24.057915925979614,1.443996516683993,1.1639402938547556,-0.050001848230864565
24.06648087501526,1.4404793397827331,1.1587083791925326,0.22907865628134896
24.075895071029663,1.4365713654479997,1.1534593339683823,0.2652883805942887
24.087048768997192,1.4318817962463195,1.1482018485239955,0.21323040549651556
24.09599256515503,1.427973821911586,1.1429336239614976,0.14008248159108494
24.105777978897095,1.4240658475768528,1.1376517820687255,0.07236070993251403
24.11601972579956,1.419180879658436,1.1323530669224378,0.018384967393390197
24.12511420249939,1.4154683040404392,1.127034024126878,-0.02112978229552203
24.135558605194092,1.4115603297057058,1.1216815622399745,-0.04822673245825003
24.14550018310547,1.4076523553709723,1.1162843145653214,-0.06559800985318259
24.15408730506897,1.4041351784697123,1.1108518426683138,-0.07574990179350971
24.164016723632812,1.3998364067015054,1.1053922090511772,-0.0807392933273829
24.172990798950195,1.3959284323667722,1.0999026082820493,-0.08214950381895014
24.18414306640625,1.391434261881829,1.0943709600126987,-0.08115348397570621
24.194786548614502,1.3871354901136221,1.0887775650466534,-0.07859805992708782
24.20581316947937,1.3824459209119417,1.0831162118937303,-0.07508286157451115
24.21608257293701,1.3779517504269985,1.0773922610548723,-0.07102550924412543
24.225061655044556,1.3740437760922652,1.071611079886452,-0.06671217416471566
24.236090898513794,1.369354206890585,1.065768291269722,-0.06233540021528469
24.24615240097046,1.365250833839115,1.0598417135177491,-0.058021761197508695
24.254013061523438,1.3619290556545915,1.0538236906577345,-0.05385178190672958
24.26481318473816,1.3578256826031216,1.0477286674964965,-0.04987413573039744
24.27541470527649,1.3535269108349148,1.041550678999213,-0.04611568396161227
24.285226583480835,1.3492281390667082,1.0352858237699145,-0.04258853042063365
24.29376983642578,1.3457109621654482,1.0289609201461705,-0.03929495171675377
24.30319309234619,1.3418029878307145,1.0225992242596798,-0.03623082464352251
24.314301252365112,1.3373088173457712,1.0162108457560253,-0.03338799524360175
24.323795318603516,1.333205444294301,1.0098041945624956,0.24528245434112447
24.33310604095459,1.3289066725260943,1.0033860076703212,0.2808402630734634
24.343017578125,1.3248032994746242,0.9969613538825222,-0.04804862504325877
24.351006031036377,1.3214815212901008,0.9905336897459038,-0.15518551762405253
24.360039710998535,1.3177689456721042,0.9841049549535537,0.10733832783822853
24.36810040473938,1.3146425662043173,0.9776862307602839,0.16168698069977117
24.377436637878418,1.3103437944361107,0.9712855170774277,0.13673673373182224
24.387025594711304,1.3066312188181142,0.9648977928759946,0.08935194713792552
24.396012544631958,1.302918643200117,0.9585283385147901,0.04267412487162891
24.405362606048584,1.2992060675821204,0.9521799717320115,0.004580641850956305
24.413020133972168,1.2962750868310704,0.9458539740347259,-0.023565889860855775
24.422834396362305,1.2921717137796,0.9395496259451975,-0.04287887154764348
24.432403802871704,1.2882637394448668,0.933241763375299,-0.055163437147368585
24.44037103652954,1.2847465625436068,0.9269075758204297,-0.062188824057363326
24.449555158615112,1.2806431894921368,0.920537879225342,-0.06543966602757098
24.462384462356567,1.2755628228569833,0.914111323399501,-0.0660721685606267
24.473639011383057,1.2706778549385667,0.9075836268069943,-0.06494852429080485
24.482096195220947,1.267356076754043,0.9009291645625938,-0.06269351087031622
24.494582176208496,1.262080311402153,0.8941509992412622,-0.05975032700265198
24.502989053726196,1.2583677357841563,0.887251818096106,-0.05642775326191822
24.512027263641357,1.2546551601661597,0.8802474908788965,-0.32897553163223225
24.520031213760376,1.2515287806983728,0.8731513337713896,-0.3585834194337807
24.52900266647339,1.247816205080376,0.8659612955280224,-0.023997803077980634
24.537007808685303,1.2444944268958527,0.8586756334643636,-0.18750189121147687
24.54552412033081,1.240781851277856,0.8512929335750947,-0.20203670507201804
24.55429697036743,1.237264674376596,0.8438121178838448,-0.16341735752227393
24.566010236740112,1.2327705038916528,0.8362325351019213,-0.11305903774262877
24.576605796813965,1.2282763334067093,0.8285397094805693,-0.06713214121018979
24.58547329902649,1.2241729603552391,0.8207221642060678,-0.30659104728865216
24.59342336654663,1.2210465808874524,0.812799941693647,-0.31272953740673326
24.601022005081177,1.2177248027029288,0.8048053802556115,-0.23881978601428222
24.609952211380005,1.2144030245184054,0.7967666618228385,-0.15031151618790056
24.618381023406982,1.2108858476171456,0.7886937020477898,-0.07211535649844102
24.6287784576416,1.2065870758489385,0.78058088226036,-0.011231582336173197
24.637010097503662,1.2030698989476787,0.7724384593845505,0.032644465583605564
24.647998094558716,1.1983803297459985,0.7642757861693702,0.06231584296154814
24.655998945236206,1.1948631528447384,0.7560869441849826,0.08102796460760511
24.66401243209839,1.191736773376952,0.7478819210738931,0.09168356722003299
24.67629885673523,1.1866564067417984,0.7396698674007794,0.0966202034005272
24.68900966644287,1.1815760401066449,0.731430883759258,0.09761792907496517
24.698948860168457,1.1776680657719116,0.7231352940890327,0.09598634253927363
24.70825433731079,1.1735646927204413,0.7147736984619533,0.09266628280337047
24.718846559524536,1.1692659209522347,0.7063539080001413,0.08832135065304697
24.727996587753296,1.1651625479007646,0.6978841514557906,0.08341209048605841
24.73663830757141,1.1616453709995045,0.6893864039096244,0.07825293104368206
24.74610662460327,1.1575419979480346,0.680893860605856,0.07305450915606157
24.754801511764526,1.1542202197635112,0.6724217210874204,0.06795449080985766
24.762993335723877,1.1510938402957245,0.6639830819501815,0.06303970800006695
24.771965265274048,1.1475766633944644,0.6556025747498672,0.05836190327087072
24.78238010406494,1.1432778916262578,0.6472747798258413,0.053948845542876114
24.7899808883667,1.1401515121584709,0.6389819946911334,0.049812131171132853
24.79898691177368,1.1360481391070005,0.6307355955159638,0.04595262951667678
24.806987762451172,1.1327263609224774,0.6225581467275398,0.04236426411725713
24.8170382976532,1.1286229878710075,0.614468268053842,0.03903662284853516
24.829200744628906,1.1237380199525906,0.6064558623842329,0.0359567471166893
24.840330362319946,1.119243849467647,0.5984868405248955,0.03311034731145458
24.849269151687622,1.1153358751329137,0.5905452310065706,0.030482618549789176
24.859339237213135,1.1112325020814438,0.5826305325210543,0.02805877890624538
24.86800217628479,1.1071291290299736,0.5747548914385546,0.3018627754229015
24.87701177597046,1.1034165534119769,0.5669408899226696,0.33292866286115946
24.88597011566162,1.1000947752274535,0.5591951897792633,0.275935216608577
24.897777318954468,1.0954052060257735,0.5515109782416269,0.19810419709632146
24.905975103378296,1.0922788265579866,0.5438943143910794,0.12597412233647073
24.914962768554688,1.0885662509399898,0.5363620675041747,0.06787277652330165
24.924983501434326,1.08446287788852,0.5289163641246477,0.024513463817206576
24.933985710144043,1.0807503022705232,0.5215357761418985,-0.006154806380049114
24.94385004043579,1.076646929219053,0.5141915961558291,-0.026835731875452677
24.95197057723999,1.0733251510345296,0.5068833329166952,-0.04004932775025775
24.962987899780273,1.0688309805495864,0.49963409465645026,-0.04786726833798066
24.972588777542114,1.064727607498116,0.4924532400921731,-0.051887991991480156
24.981974840164185,1.0610150318801193,0.485338821927859,0.2227389412844196
24.991944074630737,1.0569116588286493,0.4782906388020574,0.25620007579519527
24.999993085861206,1.053589880644126,0.47131009040197724,0.20257380663695146
25.01054883003235,1.0490957101591825,0.464400054855577,0.1286634989577929
25.02145767211914,1.044601539674239,0.4575560374001803,0.06072072734637643
25.029008865356445,1.0414751602064523,0.4507761571095917,0.006879980226852045
25.03699016571045,1.0383487807386655,0.4440863880828889,-0.0322727328163623
25.04543375968933,1.035222401270879,0.43751823613059543,-0.05886961061502757
25.054546356201172,1.0311190282194087,0.43108213814956037,-0.07566366735571152
25.0630099773407,1.0277972500348853,0.42478683492662334,-0.08520238092683016
25.072964429855347,1.023889275700152,0.41864761369706266,-0.08957008984766776
25.08196997642517,1.0201767000821553,0.4126701849212056,-0.09036802949792697
25.091964721679688,1.0160733270306852,0.40685238785660627,-0.08878047855560223
25.10013508796692,1.0125561501294251,0.401199081323943,-0.08566106857884989
25.108978033065796,1.0092343719449017,0.39572061196287345,-0.08161315506565525
25.11794114112854,1.005521796326905,0.39041926418553274,-0.07705600912039201
25.12768292427063,1.0012230245586982,0.3852907255854145,-0.07227607595219468
25.13504648208618,0.9980966450909117,0.38033145459484163,-0.06746527968868049
25.14490246772766,0.9939932720394414,0.37554327691549305,-0.06274901344233769
25.154946327209473,0.9900852977047081,0.3709321919247342,-0.05820628828707115
25.163330078125,0.986568120803448,0.3664977008980335,-0.053884085683093684
25.17140531539917,0.9832463426189246,0.3622339564323134,-0.049807500807203205
25.17999029159546,0.9797291657176646,0.35813251007877406,-0.04598686595651276
25.191065549850464,0.9750395965159845,0.35417450391383015,-0.04242272524415642
25.19998788833618,0.9717178183314611,0.35033809336550703,0.2369290700020382
25.209623098373413,0.9676144452799911,0.3466139103666275,0.27312614039259747
25.21848225593567,0.9640972683787309,0.3429992633570608,0.22087243232069495
25.2269549369812,0.9605800914774709,0.3394897813428238,0.147415308929736
25.2359459400177,0.9570629145762107,0.336084677736167,0.07931855554316972
25.24593997001648,0.9529595415247408,0.33278669671791755,0.02493440177491401
25.258755683898926,0.9474883774561141,0.3295898467979291,-0.015000518521562794
25.26895761489868,0.9433850044046439,0.32648122215924846,-0.04251514456153065
25.278547048568726,0.9394770300699106,0.32345088790268944,-0.060292475168553766
25.286018133163452,0.9363506506021237,0.32049471142231567,-0.07083319412886496
25.295936107635498,0.9316610814004438,0.3176162664565641,-0.0761909892069127
25.305122137069702,0.9277531070657102,0.3148218135898641,-0.07794760985954959
25.314053535461426,0.9246267275979236,0.3121162293054058,-0.07727552310483193
25.323335647583008,0.9209141519799268,0.30950037249436574,-0.07502178277118444
25.332951068878174,0.9172015763619301,0.30697181555829134,0.20425166042353263
25.342308044433594,0.9132936020271968,0.30452606272417804,0.24117411412864237
25.34995412826538,0.9099718238426734,0.3021593478951564,-0.08588816603402233
25.357961177825928,0.90665004565815,0.2998756351444789,-0.19094267960018937
25.365941762924194,0.9035236661903633,0.2976803826584567,-0.20225902258946693
25.37666940689087,0.899420293138893,0.2955712793362319,0.09722389846482002
25.385339736938477,0.8960985149543697,0.2935439647367944,0.1626773810804759
25.393951654434204,0.8925813380531097,0.2915986336631599,0.13838509424889578
25.40195894241333,0.8890641611518495,0.2897387469690591,0.08814958302237905
25.40993857383728,0.8857423829673262,0.28796826191280295,0.0380473056774757
25.418973445892334,0.8818344086325928,0.2862864768486807,-0.0029492053301763445
25.426958799362183,0.8785126304480694,0.2846903946451265,-0.03318893202175741
25.438385486602783,0.8740184599631259,0.28317717436247286,-0.053821158907975356
25.446946620941162,0.8705012830618659,0.2817424690722657,-0.34283215352027235
25.455968141555786,0.8669841061606058,0.2803836011850808,-0.10715831716437764
25.46584701538086,0.8628807331091358,0.2790972029476184,-0.02206645401706909
25.47595453262329,0.8589727587744024,0.2778780614853899,-0.0013646427926824571
25.48540210723877,0.8552601831564056,0.27672293236233586,-0.005313396706671242
25.49434471130371,0.8513522088216723,0.2756301981458574,-0.016385608591038978
25.504217624664307,0.8474442344869388,0.2745985016299354,-0.027451226380743068
25.511927127838135,0.8443178550191521,0.2736267087720884,-0.03608283877536278
25.5213463306427,0.840214481967682,0.27271393951326733,-0.3178960606911297
25.52993416786194,0.8370881024998954,0.27185981659518355,-0.3542761363017569
25.53794288635254,0.8339617230321086,0.27106425423821956,-0.30046321080052885
25.54724097251892,0.8300537486973752,0.2703267193329869,-0.22422703625686707
25.555444478988647,0.8265365717961152,0.2696464334461669,-0.15256472424978168
25.56290912628174,0.8234101923283283,0.26902271573010816,-0.37019861824848577
25.571929216384888,0.8196976167103317,0.268454635971961,-0.3591547076236654
25.57996964454651,0.8163758385258082,0.26794097846165504,-0.2722650304372188
25.5889732837677,0.8128586616245482,0.2674803485231507,0.10184348496055978
25.602406978607178,0.807582896272658,0.26707166402185856,0.22009536683848285
25.609970808029175,0.8046519155216081,0.26671414584942094,-0.045185948914451296
25.618945360183716,0.8011347386203479,0.26640615478315816,0.1690574464329191
25.62973642349243,0.7960543719851946,0.26614600952669404,0.21893450460264233
25.6435444355011,0.7907786066333043,0.2659335560851094,0.20378174709372404
25.650959968566895,0.7876522271655179,0.26576852504614956,0.16812303189783628
25.66295862197876,0.7829626579638376,0.26564924091820985,0.13061907783117238
25.67339324951172,0.7786638861956309,0.26557482829019996,0.09807927918679396
25.68493390083313,0.7737789182772141,0.26554565021376597,-0.20389481069808796
25.69489288330078,0.7696755452257441,0.26556136787395923,-0.256766567877191
25.70538568496704,0.7655721721742741,0.26562099752738133,-0.21630054124656384
25.7159321308136,0.7614687991228039,0.2657236153168045,-0.15087268679395752
25.725021362304688,0.7577562235048073,0.26586737020482565,-0.08802794388714485
25.74024271965027,0.7516988632859705,0.266051602658614,-0.0368991287237663
25.749942779541016,0.7479862876679737,0.26627860909555423,0.0011854723697997012
25.757944345474243,0.744859908200187,0.26654811744469253,0.027819536656774127
25.767953395843506,0.7407565351487168,0.2668577429165103,0.045372221437583043
25.778709411621094,0.7360669659470368,0.2672074524183343,0.056121225251865234
25.786954879760742,0.7325497890457766,0.26759577116397304,0.06196367836705659
25.794946908950806,0.7292280108612532,0.26801887082573533,0.06437259192498294
25.80531096458435,0.7249292390930466,0.2684744559893525,0.06444574106627414
25.81497812271118,0.7210212647583132,0.2689615698248296,0.0629795268357816
25.82463049888611,0.7171132904235799,0.26947928334638604,0.06054046398136222
25.833786964416504,0.7132053160888464,0.27002667747528347,0.057525080244625014
25.844990968704224,0.7089065443206396,0.27060266597906324,0.05420674313081937
25.85394787788391,0.7049985699859063,0.27120465388384224,0.050770858163647604
25.864490270614624,0.7008951969344361,0.27183020145391756,0.04734069063342421
25.872770309448242,0.6975734187499129,0.27247834698774864,0.04399600766114612
25.881396532058716,0.6942516405653893,0.27314666740085547,0.04078638838924222
25.889490127563477,0.690929862380866,0.27383286800173223,0.3137790103086094
25.896934509277344,0.6876080841963426,0.2745347754130304,0.3440364479244097
25.90589714050293,0.6838955085783458,0.2752489697876214,0.2862558056724198
25.917919635772705,0.6790105406599292,0.2759749743014876,0.20767015406275718
25.92690348625183,0.6752979650419323,0.2767134500204811,0.13482452139703677
25.936132192611694,0.6715853894239355,0.2774633203940608,0.07604995078105817
25.944154024124146,0.6684590099561489,0.27822342415707346,0.032060831152676376
25.95191264152527,0.6653326304883622,0.27899003967951175,0.0008058294978611526
25.960936546325684,0.6616200548703655,0.2797585918973811,-0.020420005808965074
25.970873832702637,0.6577120805356321,0.28052771029948903,-0.034138500773754354
25.979321479797363,0.654194903634372,0.28129752877684244,-0.04242345609584596
25.989516973495483,0.6500915305829019,0.28206822802336207,-0.04687558866864136
25.997452974319458,0.6467697523983785,0.282840062358089,-0.048685140063321905
26.006141662597656,0.6432525754971185,0.28361204043433075,-0.04871574387280371
26.01719355583191,0.6385630062954383,0.284383521564627,-0.04758312290969624
26.024929761886597,0.6354366268276517,0.28515548745993907,-0.04572014407777247
26.037466287612915,0.6303562601924982,0.28592903304195805,-0.04342731426136202
26.045919179916382,0.6268390832912382,0.2867053479108768,-0.04091058232178196
26.054914474487305,0.6229311089565047,0.28748419077650744,-0.03830900597932664
26.066912174224854,0.6176553436046146,0.2882656368864509,-0.035714701172396834
26.077261209487915,0.6135519705531445,0.28905309369603543,-0.033187079299120834
26.089046955108643,0.6092531987849378,0.28985137347241235,0.2452754271438455
26.09692358970642,0.6059314206004144,0.29066154150765383,0.2806994253896759
26.106907606124878,0.6020234462656809,0.29148139285002567,-0.04827228845406853
26.118244409561157,0.5969430796305276,0.29231273600761265,-0.15545716882024924
26.127018451690674,0.5936213014460042,0.29315899185491706,-0.16899607551117715
26.13493824005127,0.5904949219782174,0.29401963268950027,-0.14778063350125992
26.14453887939453,0.5865869476434841,0.29489441314287423,-0.11763185758956632
26.15292191505432,0.5830697707422241,0.2957831518006319,-0.08892323329359778
26.160929679870605,0.5797479925577007,0.29668385721856205,-0.06506589763462688
26.168883562088013,0.5764262143731771,0.2975948957086971,-0.0465227799203948
26.180147409439087,0.5715412464547605,0.2985170304851143,-0.03265575939097802
26.191924810409546,0.5666562785363436,0.29945728472931693,0.2535010527357006
26.200892210006714,0.5631391016350836,0.30042165982107627,0.29388501114108373
26.20970058441162,0.5596219247338236,0.301408887602916,0.24393053841753054
26.219884872436523,0.5555185516823535,0.3024156294976205,0.17145127422693124
26.228911876678467,0.5520013747810935,0.30343890172994387,0.10343267208941714
26.237918376922607,0.54809340044636,0.3044804639999664,0.04853274547399791
26.245923042297363,0.5449670209785733,0.3055438596560767,0.007705625488028084
26.25534152984619,0.5412544453605765,0.3066274533742478,-0.0209253654718443
26.262917280197144,0.5379326671760531,0.30772739998903337,-0.039938210217265464
26.270910024642944,0.5346108889915298,0.30884025029642276,-0.05176231285732946
26.280874967575073,0.530312117223323,0.3099651570380441,-0.058403913283658355
26.28976035118103,0.5265995416053263,0.31110345472021067,-0.061413996956694805
26.298126220703125,0.5234731621375396,0.31225608178929803,-0.061945848373870474
26.307924509048462,0.5193697890860695,0.31342364273482054,-0.06083530705491916
26.31590986251831,0.5162434096182827,0.31460424579416646,-0.05867689444081339
26.323913097381592,0.5129216314337594,0.31579390079898945,-0.05588704293304154
26.3337140083313,0.5088182583822893,0.31699133632293514,-0.05275329537287265
26.34365963935852,0.5045194866140825,0.31819766541569905,-0.04947118577575624
26.35291290283203,0.5011977084295592,0.31941155462112,0.22986710948172745
26.36235237121582,0.4974851328115624,0.32063177837131474,0.2662244554305502
26.369879245758057,0.4945541520605124,0.3218594578105819,-0.06179901317204198
26.380144834518433,0.49025538029230564,0.3230932801289123,-0.16804869718912613
26.38822841644287,0.4869336021077822,0.3243322040216393,-0.18068319824003132
26.39736318588257,0.4832210264897855,0.3255777440318172,-0.15860485679735778
26.405483961105347,0.4795084508717888,0.32682899460323556,-0.12764060666428823
26.41477370262146,0.475795875253792,0.32808301575083404,-0.09816661417816964
26.427926778793335,0.4707155086186386,0.3293424776733799,-0.07359454385670033
26.436386823654175,0.46719833171737857,0.3306123858656898,-0.05438645130690031
26.44463801383972,0.46407195224959186,0.33188976485441324,-0.0399024597684536
26.453678846359253,0.46016397791485847,0.33316993309358883,-0.029212757630782717
26.466028690338135,0.455083611279705,0.3344573568570172,-0.021425306994619826
26.47533655166626,0.45117563694497165,0.33576191258881377,-0.015794893278977942
26.48414182662964,0.4478538587604482,0.33708993470594334,-0.011739285338348062
26.49483847618103,0.44355508699224144,0.33844463779984296,-0.008820458941934877
26.503272533416748,0.43984251137424474,0.33982930538132455,-0.006716407710761433
26.51093578338623,0.43710692933993134,0.341243872480052,-0.2812322466028855
26.52241849899292,0.43261275885498784,0.34268882107864895,-0.3132485340873299
26.531096935272217,0.4290955819537278,0.3441718316028691,-0.2573378889872859
26.5389883518219,0.42557840505246775,0.345696085068876,-0.18064973949632407
26.549187421798706,0.42108423456752436,0.34725740197117155,-0.10967418512073039
26.55854558944702,0.4173716589495276,0.34885607480821534,-0.05270735148220245
26.566989421844482,0.4140498807650042,0.3504923028806306,-0.010442536094586945
26.57694101333618,0.4097511089967975,0.3521624709770675,0.019183224925742797
26.589812994003296,0.4046707423616441,0.35387161113498183,0.038880117146831615
26.597872018814087,0.4013489641771207,0.35563211254846105,0.051170942686766085
26.6083824634552,0.397050192408914,0.35745041439405273,0.058127706590576714
26.616909980773926,0.3935330155076539,0.3593277226896243,0.061347585026767806
26.627167224884033,0.3892342437394471,0.36126477510827015,0.0620162384190947
26.634871244430542,0.38630326298839707,0.3632574629265678,-0.21504620133689045
26.64594554901123,0.3820044912201903,0.365297561663069,-0.25027727543826916
26.65592122077942,0.3779011181687203,0.36738666960177757,-0.19794141841435323
26.6657235622406,0.37399314383398685,0.36953018359012385,-0.12497752538163115
26.67541217803955,0.3698897707825168,0.37172329939910104,-0.057734814125794204
26.684686183929443,0.36656799259799333,0.37396160906722875,0.2716207389076159
26.69286584854126,0.3634416131302067,0.37624099066773103,0.6195396230500653
26.70192861557007,0.3603152336624199,0.3785531090125685,0.8998968363459556
26.71186327934265,0.3569934554778965,0.38089534470710723,1.6465092784241864
26.720879793167114,0.3542578734435831,0.38327001686109674,2.3816414288344667
26.7293598651886,0.3519130888427431,0.3856790802925392,3.220860479282376
26.739993572235107,0.34937290552516637,0.3881242006394588,4.447570285563335
26.749610900878906,0.347223519641063,0.39060681158612265,5.0
26.756975173950195,0.34566032990716966,0.3931231863254006,5.0
26.766920566558838,0.3440971401732763,0.39566523508906154,5.0
26.777729272842407,0.34233855172264627,0.3982363405613363,5.0
26.786880016326904,0.3411661594222262,0.4008445061585658,5.0
26.794970989227295,0.3403845645552796,0.40348635357738616,5.0
26.805054187774658,0.33960296968833287,0.40615919345869955,5.0
26.812966346740723,0.33921217225485956,0.4088606932868039,5.0
26.82509708404541,0.3390167735381229,0.4115891374460674,5.0
26.834949731826782,0.33921217225485956,0.4143541632596176,5.0
26.845850467681885,0.33979836840506955,0.4171640585152082,5.0
26.854640245437622,0.3403845645552796,0.4200205479423344,5.0
26.865413904190063,0.34155695685569953,0.42292516863893165,5.0
26.87293004989624,0.34272934915611963,0.4258791244993586,5.0
26.883314609527588,0.34429253889001293,0.42888341161873067,5.0
26.89429473876953,0.3462465260573797,0.4319389440195805,5.0
26.901906967163086,0.3480051145080097,0.43504038139016155,4.824449381823513
26.91173219680786,0.3501545003921131,0.43817706442978793,5.0
26.924530744552612,0.35347627857663644,0.44135242449139916,5.0
26.933030605316162,0.3562118606109498,0.4445819025801434,4.915941028572144
26.941936492919922,0.3593382400787366,0.44786588934600674,4.524546195148931
26.951671838760376,0.3628554169799967,0.45119185123687433,4.330298037850502
26.960585355758667,0.36637259388125676,0.45455548654182587,3.9084363240180733
26.971222162246704,0.37047596693272683,0.4579595641588172,3.44653553472164
26.980192184448242,0.3741885425507235,0.4614063856280745,3.0181448866754614
26.989253044128418,0.3780965168854569,0.46489778402277054,1.8176059095644765
26.99689269065857,0.38122289635324363,0.4684351263771435,0.5747263052309424
27.006893396377563,0.3851308706879771,0.4720125473814544,-0.4525365719076253
27.015300512313843,0.3884526488725004,0.4756180637225678,-2.037875556406266
27.025240182876587,0.39216522449049723,0.4792481732296552,-3.4772461337432397
27.036402940750122,0.397050192408914,0.4829135153309574,-4.830445880353879
27.045193433761597,0.40076276802691063,0.48662290915037737,-5.0
27.056177139282227,0.4052569385118541,0.4903696853630608,-5.0
27.06585669517517,0.40916491284658746,0.49414789181302515,-5.0
27.075960397720337,0.4132682858980576,0.4979591651953666,-5.0
27.088850498199463,0.41815325381647434,0.5018116886617355,-5.0
27.09994649887085,0.4230382217348911,0.5057191687662068,-5.0
27.110876321792603,0.4277277909365711,0.5096859220203772,-5.0
27.121893644332886,0.43241736013825127,0.5137083183678018,-5.0
27.13139772415161,0.43593453703951135,0.5177904313268092,-5.0
27.138845920562744,0.439060916507298,0.5219281966537647,-5.0
27.148396253585815,0.4425780934085581,0.5260960499928033,-5.0
27.15735101699829,0.44629066902655484,0.5302799005511556,-5.0
27.165813446044922,0.44961244721107824,0.5344829681451634,-5.0
27.175700902938843,0.4535204215458116,0.5387084995674887,-5.0
27.18684196472168,0.45801459203075506,0.5429676536216281,-5.0
27.19844388961792,0.46309495866590844,0.5472782266170287,-4.878714406280724
27.210124969482422,0.46778452786758856,0.551647713146596,-4.29761854382003
27.2182719707489,0.4709109073353753,0.5560747126357777,-3.903338925845034
27.226886987686157,0.47442808423663535,0.5605580782155863,-3.597287198899465
27.23698592185974,0.47853145728810537,0.5650885046308004,-3.3346272345982513
27.24607515335083,0.4826348303395755,0.5696497787343612,-3.0958292842705784
27.2559015750885,0.48673820339104557,0.5742365977869812,-2.872936561593422
27.265894174575806,0.49084157644251564,0.5788615364478142,-2.9390780604679847
27.276883363723755,0.495335746927459,0.583535282245201,-2.7744143974916886
27.28531575202942,0.49846212639524584,0.5882496354521243,-2.5334245955950014
27.29396891593933,0.5021747020132425,0.5929975648873866,-2.283244744179237
27.303411722183228,0.5056918789145026,0.5977816289958807,-2.050240931657093
27.31224751472473,0.5090136570990259,0.6026038172049235,-1.8424356368580819
27.322850465774536,0.5138986250174427,0.6074655044619737,-1.6601180431353382
27.3312726020813,0.5170250044852295,0.6123587347214986,-1.5007264154489173
27.339845657348633,0.5205421813864896,0.6172589657241044,-1.3609926411012805
27.348511457443237,0.5240593582877495,0.6221454004098114,-1.2378062009614723
27.357829809188843,0.5277719339057463,0.6270181728774323,-1.1284997516517015
27.36582374572754,0.5310937120902697,0.6318776030474276,-1.0308888877381948
27.37483286857605,0.5350016864250031,0.6367153897824303,-0.9432193998129362
27.383243083953857,0.5387142620429999,0.641533550127932,-0.8640896048640441
27.390838146209717,0.5418406415107866,0.6463340339996201,-0.7923751768353592
27.39993715286255,0.5453578184120467,0.6511099385141016,-1.003204095837124
27.410900115966797,0.54985198889699,0.655864470677431,-0.9768776691435727
27.418840646743774,0.5529783683647768,0.6606093461046769,-0.591428350499655
27.42784595489502,0.5568863426995102,0.665354559700466,-0.432518050662688
27.435827016830444,0.5598173234505602,0.6701085165684789,-0.3715560552425634
27.446027517318726,0.5637252977852937,0.6748781799104686,-0.34925752031167856
27.455448150634766,0.5676332721200271,0.6796692280948382,-0.3394542510513337
27.463441133499146,0.5711504490212871,0.6844862133909353,-0.3314636274838153
27.470807790756226,0.5738860310556004,0.689323958357257,-0.321597330777443
27.483368158340454,0.5795525938409639,0.6941779798652199,-0.3091424957251948
27.49382758140564,0.583655966892434,0.69906207632773,-0.5705492197154824
27.504092693328857,0.5879547386606407,0.7039878714680701,-0.3115487781653664
27.51185369491577,0.5910811181284275,0.7089473223615353,-0.2064870875464582
27.51983618736267,0.5940120988794776,0.7139156214438883,-0.16847755089449373
27.527838945388794,0.5975292757807376,0.7188719901441238,-0.15725888917292108
27.539110898971558,0.6022188449824176,0.7238265092623463,-0.15491132823609172
27.550918340682983,0.6071038129008345,0.7288064610789757,-0.15400736239101417
27.56291699409485,0.6115979833857779,0.7338355601640585,-0.15189189932739328
27.571861505508423,0.6151151602870378,0.7389247967939587,-0.14796556934950406
27.580819368362427,0.6184369384715612,0.7440646083899913,-0.14242655608888197
27.589834451675415,0.6223449128062948,0.7492468713328967,-0.13571155265761484
27.59783148765564,0.6258620897075547,0.7544644773557831,-0.1282651924114595
27.606849908828735,0.6297700640422882,0.7596921606831806,-0.12045896140884865
27.619200468063354,0.6348504306774417,0.7649184194997388,-0.11257452837614576
27.62683892250061,0.6379768101452282,0.7701530856495725,-0.10481206222547307
27.637269496917725,0.642275581913435,0.7754047100085717,-0.09730599323274614
27.644855499267578,0.6452065626644852,0.7806806121802805,-0.09014096531465962
27.655059814453125,0.6495053344326919,0.7859770832256431,-0.08336541634330782
27.66369318962097,0.653022511333952,0.7912909086426065,-0.07700224890122516
27.671802759170532,0.6563442895184753,0.7966191892987575,-0.07105684313879806
27.680824518203735,0.6600568651364721,0.8019495028605114,-0.06552290161438568
27.690832376480103,0.6637694407544688,0.8072811162104212,-0.06038662564481647
27.699846982955933,0.6674820163724656,0.8126231518600854,-0.05562965091044704
27.70961356163025,0.6715853894239355,0.8179831210633477,-0.051231080562456746
27.719827890396118,0.6752979650419323,0.8233670580372809,-0.047168871826192574
27.727840185165405,0.6786197432264557,0.828779652406648,-0.04342076472693341
27.737329721450806,0.6823323188444524,0.8342244191608533,-0.03996488952684598
27.74581265449524,0.6860448944624493,0.8396941262771491,-0.03678015061204956
27.75481367111206,0.6899528687971827,0.8451725764061201,-0.03384645616753362
27.7652428150177,0.6942516405653893,0.850655745211782,-0.03114484251294891
27.773852109909058,0.6975734187499129,0.8561500213344896,0.24738083232184194
27.783278465270996,0.7014813930846462,0.8616608216992918,0.28279504697144375
27.793483018875122,0.7053893674193795,0.8671927248024743,0.22980513009426634
27.800846576690674,0.7083203481704297,0.8727396936769171,0.15565950551104196
27.811630964279175,0.712814518655373,0.8782967283844431,0.08692149765123047
27.819956064224243,0.716331695556633,0.883869651636396,0.03194190589784396
27.82785439491272,0.7192626763076831,0.8894535890311506,-0.008544656306937626
27.8380606174469,0.7237568467926265,0.895044764058925,-0.036569480302413436
27.845847606658936,0.7268832262604134,0.9006401872263758,-0.05481807427181659
27.857300758361816,0.7315727954620934,0.9062378010862774,0.21024468725139056
27.86901068687439,0.7366531620972468,0.9118670045502809,0.23761048462812867
27.877777576446533,0.7403657377152436,0.9175527200699283,0.1803870322325496
27.888654232025146,0.744859908200187,0.9232849003501329,0.10463365297858719
27.896777868270874,0.7477908889512369,0.9290443877338175,0.03605117549884504
27.906134128570557,0.7516988632859705,0.9348148039371821,-0.01762421499445676
27.914791107177734,0.7550206414704939,0.9405822913229359,-0.05608970870456706
27.922887563705444,0.7581470209382805,0.9463352326933848,-0.08167609534098075
27.93302345275879,0.7622503939897506,0.9520849094182562,-0.09727388289473031
27.943256855010986,0.7661583683244839,0.9578616810346758,-0.10552447531392956
27.95473861694336,0.7708479375261642,0.9636905159204572,-0.10857536463633863
27.9653103351593,0.7753421080111076,0.9695913691154443,-0.10806937621468071
27.97333335876465,0.7786638861956309,0.9755693331734603,-0.10521737844495552
27.981837511062622,0.782181063096891,0.9816168199554607,-0.10088923670016084
27.99042272567749,0.7858936387148877,0.9877158868884516,-0.09569745268641296
27.999262809753418,0.7892154168994111,0.9938401267241068,-0.09006564539248721
28.010229110717773,0.7937095873843545,0.9999765324355144,-0.08428140624344034
28.01849889755249,0.7972267642856145,1.0061235799567838,-0.0785357126004287
28.025807857513428,0.8003531437534013,1.012269519445882,-0.07295168385136407
28.03549337387085,0.8042611180881346,1.018394175771166,-0.06760525645429305
28.04416298866272,0.807582896272658,1.024480523499259,-0.0625398948205159
28.053797721862793,0.8114908706073914,1.0305144548673306,-0.05777697633506421
28.06498098373413,0.815985041092335,1.0365039551290016,-0.05332307533956507
28.07494616508484,0.8198930154270683,1.0424755561358245,-0.0491750422610239
28.084514617919922,0.8239963884785384,1.0484419378604726,-0.04532352442940386
28.09280228614807,0.8277089640965352,1.0544040053171844,-0.04175539060218735
28.10180425643921,0.8312261409977952,1.0603528171272911,-0.038455387164366986
28.109772443771362,0.8345479191823186,1.0662616018291982,-0.03540725771916563
28.118801832199097,0.8378696973668419,1.0721082125335808,-0.032594489201499224
28.127806901931763,0.8415822729848388,1.0778940394761722,-0.030000799050424368
28.136844158172607,0.8454902473195721,1.0836307110197083,-0.3036488033522409
28.146771907806396,0.8493982216543056,1.0893286804278635,-0.33457136713158
28.15584897994995,0.8529153985555658,1.0949972826413261,-0.2774461955390146
28.167150497436523,0.8576049677572457,1.1006545531889025,-0.19949408141279854
28.17691469192505,0.8613175433752424,1.1063159916787173,-0.1272526644978411
28.18580937385559,0.8650301189932391,1.1119656885965514,-0.06904892932476675
28.194830417633057,0.8685472958944992,1.1175807437314005,-0.025595450203539042
28.204617738723755,0.8726506689459693,1.1231617238699338,0.005159430838419842
28.217756271362305,0.8779264342978594,1.1287292274095386,0.02592002273075444
28.227259874343872,0.8818344086325928,1.1343109733678058,0.03920690078468721
28.23614811897278,0.8855469842505895,1.139920887514395,0.04709225334293789
28.245697021484375,0.8896503573020595,1.1455611070022436,0.051174990665399406
28.25845694541931,0.8947307239372131,1.1512437094244081,-0.2233948937760455
28.266968488693237,0.8982479008384732,1.1569891968939265,-0.25680354597751465
28.27483057975769,0.9013742803062598,1.1627945856445046,-0.20312899492772918
28.282811403274536,0.9045006597740466,1.1686265528642104,-0.12917426919136937
28.29275941848755,0.9084086341087799,1.1744570065892015,-0.061190633865547864
28.30077028274536,0.91192581101004,1.1802728580496205,-0.007312292757499318
28.312314987182617,0.9166153802117202,1.186074255309497,0.031875006315113905
28.320093631744385,0.9199371583962435,1.191883286411768,0.058503702952645543
28.32892680168152,0.9230635378640303,1.1977085253033173,0.07532703280953175
28.33752942085266,0.9265807147652902,1.2035364109963709,0.08489267749650722
28.346468448638916,0.9300978916665504,1.2093667926885403,0.08928516293835798
28.354750871658325,0.9334196698510738,1.2151999340406587,0.09010589691402668
28.36461329460144,0.9377184416192806,1.2210256782543425,0.08853931669923942
28.373766899108887,0.941626415954014,1.2268471493809001,0.0854391997555406
28.38179063796997,0.9451435928552739,1.2326675079010678,0.08140903580738865
28.390770196914673,0.948660769756534,1.2384789601925807,0.07686821944420628
28.3997859954834,0.9523733453745308,1.2442870092419858,0.07210330947916826
28.409264087677002,0.9560859209925274,1.2501083529703485,0.0673063345538467
28.417710304260254,0.9596030978937875,1.255957856593172,0.06260278393249868
28.427380323410034,0.9633156735117843,1.2618487143600385,0.05807175714787634
28.435385942459106,0.9666374516963077,1.2677924384900092,0.05376031704208331
28.4442937374115,0.9703500273143044,1.2737989013321058,0.04969363366238576
28.45375633239746,0.9740626029323012,1.2798764366598896,0.04588210818669812
28.462135791778564,0.9775797798335613,1.2860197388412478,0.042326348098168695
28.4737548828125,0.9822693490352413,1.2922118878508373,0.03902062270406338
28.483420610427856,0.9861773233699747,1.2984505813857936,0.03595524883392724
28.491780519485474,0.989499101554498,1.3047335784146197,0.0331182262038679
28.502233743667603,0.9937978733227049,1.3110588797426996,0.03049634825836814
28.50983738899231,0.9969242527904917,1.317449317440535,0.02807594753184445
28.51908802986145,1.0010276258419617,1.3239112035561558,0.0258433872374551
28.529698133468628,1.005521796326905,1.3304367731927145,0.29982373705000726
28.538793087005615,1.009038973228165,1.3370435594047745,0.3310521329293066
28.552780151367188,1.014510137296792,1.34374529474523,0.2742083788298932
28.56209421157837,1.0184181116315254,1.3505521389255342,0.1965152051702474
28.575268507003784,1.0236938769834154,1.3574956844887796,0.12451203894553994
28.58447790145874,1.0272110538846755,1.3645881957362855,0.0665275122301805
28.591763973236084,1.0303374333524622,1.3717885584115885,0.023275717366050584
28.60326313972473,1.0350270025541424,1.3790600297176192,-0.28333196510495434
28.61144518852234,1.0381533820219289,1.3863947569951807,-0.33704644045587295
28.61987853050232,1.0414751602064523,1.393772868038377,-0.29507899551201205
28.630803108215332,1.0459693306913957,1.4011885078745683,-0.22673483882646822
28.64078640937805,1.0500727037428659,1.4086478899736823,-0.16016195266432498
28.651678562164307,1.0545668742278094,1.416131269155595,-0.10488632054962528
28.663483381271362,1.0592564434294893,1.4236329470940638,-0.06249213849342982
28.671770572662354,1.0625782216140127,1.4311710909455262,-0.0315507722847821
28.68278694152832,1.0670723920989562,1.438748228122501,-0.009797463091257105
28.691308975219727,1.0705895690002163,1.4463420918037682,0.004981732553703764
28.698803663253784,1.073715948468003,1.4539216483396566,0.014647435672856594
28.70945692062378,1.077819321519473,1.4614721738924235,0.29669270105666573
28.718682289123535,1.0819226945709433,1.4689929141682294,0.3332569129753807
28.729334592819214,1.0860260676224132,1.4764833040486312,0.0037915827794184065
28.73877739906311,1.0899340419571466,1.483942989337341,0.17109437312377945
28.750311374664307,1.0946236111588266,1.4913718420318325,0.1884774759605175
28.75974702835083,1.0983361867768233,1.4987700038957117,0.15202192016929122
28.769492387771606,1.1022441611115568,1.5061379456776205,0.10333260885817533
28.777829885482788,1.105175141862607,1.513476443820836,0.05871500611243212
28.785722255706787,1.1084969200471304,1.5207750680937262,0.023181257973141033
28.79475998878479,1.1124048943818636,1.5280141202484399,-0.0029542519321682347
28.804141521453857,1.116312868716597,1.5351892991191909,-0.021062331220840627
28.812754154205322,1.1198300456178572,1.5422978998968346,-0.032892294811564624
28.820767879486084,1.1231518238023808,1.5493272136555152,-0.04005830452749307
28.833309650421143,1.1282321904375339,1.5562909717904445,-0.04388027959542762
28.844507455825806,1.132530962205741,1.563225193506943,-0.04537273688862543
28.851885318756104,1.1356573416735274,1.57013787319988,-0.04528704973001692
28.86474061012268,1.141128505742154,1.577024973581047,-0.044166036021262234
28.878799200057983,1.1467950685275177,1.5839192987859987,-0.042394647335772015
28.88783574104309,1.1501168467120408,1.5908608671618507,-0.04024166599002349
28.896750450134277,1.1534386248965642,1.5978358003679005,-0.037891978271407105
28.907402515411377,1.1579327953815077,1.6048083758084342,-0.03547068802809414
28.91515564918518,1.1612545735660311,1.611784504177726,-0.03306073866166122
28.923908233642578,1.1645763517505545,1.6187813195135188,-0.03071560257336926
28.933149337768555,1.168484326085288,1.6258012478942412,-0.02846832498643047
28.94075632095337,1.171610705553075,1.6328461627326303,-0.02633792067866857
28.950775623321533,1.1757140786045446,1.6399052675756283,-0.02433387133704242
28.9587664604187,1.1790358567890682,1.646945165492337,-0.022459271213493014
28.968568086624146,1.1829438311238019,1.653938073358234,0.2553253431716862
28.977531671524048,1.1864610080250617,1.6608852416440645,0.2900716416191962
28.987834930419922,1.1905643810765318,1.6678002808272088,0.23647694593027285
28.996789693832397,1.1942769566945284,1.674695127183,0.16178171895919996
29.005724668502808,1.1979895323125254,1.6815680498015362,0.09254283341219846
29.0147545337677,1.2018975066472588,1.6884057042306895,0.037105764056728704
29.025649547576904,1.2061962784154654,1.6952210863707813,-0.0037993464761695676
29.035501718521118,1.209908854033462,1.7020491277228424,-0.03220760310921504
29.04572367668152,1.2144030245184054,1.7089067010345182,-0.05080781278890537
29.054380893707275,1.2175294039861924,1.715795074511637,-0.062106097757074014
29.061748504638672,1.2208511821707155,1.7227025387532464,-0.0681612156510723
29.074851989746094,1.2263223462393424,1.7296294089149655,-0.07055962675954852
29.08419680595398,1.2304257192908123,1.7365978683368095,-0.07047816465133167
29.091832637786865,1.233552098758599,1.7435910926312919,-0.06876792319200822
29.099756002426147,1.2364830795096493,1.7505596704943407,-0.34207130525944207
29.108296632766724,1.2398048576941727,1.7574728595110505,-0.37185821616778636
29.11788058280945,1.2435174333121695,1.764326845600974,-0.313111011696295
29.130189895629883,1.2485977999473228,1.7711397942798477,-0.23326045878171436
29.138007879257202,1.2515287806983728,1.7779263818510815,-0.15898710721690865
29.145755767822266,1.2546551601661597,1.7846664296339891,-0.3747520656760939
29.154833555221558,1.2583677357841563,1.7913319295041985,-0.3623786333889526
29.16275930404663,1.2616895139686797,1.797920209775486,-0.27454704781536704
29.171837329864502,1.2654020895866764,1.8044492084992991,-0.17581137356874998
29.180733680725098,1.2691146652046732,1.8109336146951127,0.18582373528525076
29.190288066864014,1.2730226395394069,1.8173653713982563,0.2851335468984195
29.198779344558716,1.27634441772393,1.8237371620771117,0.27768414603072056
29.207728385925293,1.2800569933419268,1.8300429293088103,0.23394145515676307
29.21676278114319,1.2839649676766602,1.836268014457116,0.1840161387049477
29.226732969284058,1.2880683407281304,1.8424096938545071,-0.13666072640029878
29.237892866134644,1.2927579099298105,1.8484843777572022,-0.20591269740645646
29.248419523239136,1.2966658842645435,1.8545148666909113,-0.17857702565264016
29.25767493247986,1.300573858599277,1.8605108988775936,-0.12319098625544911
29.265722036361694,1.303700238067064,1.8664624231942997,-0.34385614380616536
29.27877187728882,1.3085852059854806,1.872360654816558,-0.33131877343520105
29.289958477020264,1.3132747751871607,1.8782155744830271,-0.2420964641627099
29.29911208152771,1.317182749521894,1.884035554916106,-0.14222868575568118
29.308866500854492,1.320895325139891,1.889818686165803,-0.056201199955641955
29.318742513656616,1.3248032994746242,1.8955631478766934,-0.26633945595630315
29.33117914199829,1.3298836661097777,1.9012755639744776,-0.25268237902652835
29.339510679244995,1.3334008430110378,1.9069613982292446,-0.16652586096144253
29.348957538604736,1.3373088173457712,1.9126086197680925,-0.07139595095154513
29.3569552898407,1.340435196813558,1.9182070538225622,0.009405459773982577
29.36505150794983,1.3437569749980813,1.9237484451688889,0.0701279601748988
29.37272071838379,1.3470787531826045,1.929218057039415,0.11200624085297713
29.383731365203857,1.3513775249508115,1.934611906841729,0.1385157345612379
29.394737482070923,1.3558716954357548,1.9399350643653293,0.15337748624594935
29.404898405075073,1.3597796697704883,1.9451920558478804,0.15982440234400155
29.41278338432312,1.362710650521538,1.9503867730326923,0.1604189344963683
29.420725345611572,1.365837029989325,1.9555149834177954,0.1570910106954012
29.430115938186646,1.3697450043240584,1.9605657518328057,0.15124726947122652
29.4391987323761,1.373457579942055,1.9655375634410883,0.1438887786357108
29.448619604110718,1.3773655542767886,1.9704364082469168,0.13571398634046938
29.456730127334595,1.380687332461312,1.9752599230220966,0.12720098767523638
29.46675157546997,1.384790705512782,1.9800062234580125,0.11867014445316092
29.475696802139282,1.3885032811307787,1.9846810402140174,0.11033037376248203
29.484886169433594,1.3920204580320388,1.9892820541393947,0.10231272037305857
29.49472427368164,1.3959284323667722,1.993806610829728,0.09469439025409984
29.503595113754272,1.3992502105512956,1.998252639903258,0.08751579226778372
29.513708353042603,1.403744381036239,2.0026119427524733,0.08079253213843848
29.521997451782227,1.4068707605040258,2.006883644514553,0.07452379983783555
29.530755519866943,1.4101925386885492,2.0110728572068846,0.06869819903725816
29.53972625732422,1.4135143168730726,2.015177946652501,-0.21274058733538145
29.549731016159058,1.4172268924910691,2.0191918057508618,-0.2508622033247526
29.559727668762207,1.421525664259276,2.023113788175949,-0.2003822369727604
29.569960355758667,1.4258244360274828,2.026948521830339,0.14747919180857855
29.579739809036255,1.4301232077956894,2.0306994815404886,-0.028842689635303148
29.588560581207275,1.4334449859802127,2.034369132834992,-0.06406596754309837
29.59740161895752,1.4369621628814728,2.0379590527062925,-0.046394280699291884
29.605791091918945,1.4404793397827331,2.0414659308097054,-0.014491304337391556
29.614733934402466,1.443996516683993,2.044882603005555,0.016106477392646007
29.62379240989685,1.447513693585253,2.0482072472597435,0.040277130193788147
29.633283615112305,1.4514216679199867,2.051446038780241,0.05730249788528352
29.64069938659668,1.4543526486710365,2.0546039250061177,0.06810463393543849
29.649146795272827,1.4574790281388232,2.057677555428573,0.07403322794036045
29.656731843948364,1.4606054076066102,2.0606639102927513,0.07637770981054781
29.665234088897705,1.4637317870743967,2.0635616430021195,0.07620612350018853
29.67479705810547,1.4676397614091303,2.066370637773888,0.07434249115271585
29.68485450744629,1.4715477357438635,2.06909768635455,0.07139600023344662
29.69478750228882,1.475455710078597,2.071749797563558,0.06780391012595866
29.704097509384155,1.4787774882631204,2.074330646221873,0.06387278727880209
29.711732149124146,1.4819038677309073,2.0768432747462833,0.05981293578299975
29.723705053329468,1.4867888356493237,2.0792899892011643,0.05576525021718323
29.733157634735107,1.4908922087007939,2.0816722353777117,0.05182135933576443
29.74211812019348,1.4942139868853175,2.0839907676738183,0.04803837329813536
29.749692678451538,1.4969495689196308,2.0862435330795,0.044449505487748536
29.758319854736328,1.5004667458208907,2.0884263241444043,-0.23496672511400551
29.766046047210693,1.503202327855204,2.090535870847106,-0.27125232234020535
29.77488088607788,1.5067195047564643,2.092569776866999,-0.21910056427840968
29.784241437911987,1.5106274790911975,2.0945285190847165,0.1302867546043168
29.79173183441162,1.5135584598422478,2.0964148743698017,0.2313985327498866
29.80067014694214,1.5168802380267712,2.098229351301164,0.23057756653728848
29.81058382987976,1.5205928136447677,2.0999706626476473,0.19432330942340642
29.820728540420532,1.5248915854129745,2.101639761811426,0.1512159617778776
29.828720808029175,1.5280179648807612,2.103237888605888,0.11227772349239457
29.839689016342163,1.5321213379322314,2.10476474386706,-0.1953054886654005
29.849697589874268,1.5364201097004382,2.1062218897138547,-0.2525695465575278
29.858759880065918,1.5403280840351714,2.1076123470406385,-0.21531983121786877
29.868640899658203,1.5440406596531684,2.108938698132454,-0.15213028883747873
29.877203941345215,1.5473624378376918,2.1102031170536897,-0.0907685717362076
29.88567876815796,1.5504888173054785,2.111406488733625,-0.04056491776325988
29.89499282836914,1.554201392923475,2.1125495338680644,-0.0030060753593397875
29.905713319778442,1.5581093672582085,2.1136339399076705,0.02338103056692062
29.91470742225647,1.5618219428762052,2.114660392426357,0.04087671485463202
29.922704696655273,1.5645575249105188,2.115628773390065,0.051694660781839874
29.934141635894775,1.568660897961989,2.116539637976445,0.05768662930133068
29.943973541259766,1.5725688722967222,2.117394353643848,0.06029391952520752
29.95327925682068,1.576672245348192,2.118193809633136,0.0605924311611241
29.960711240768433,1.5794078273825054,2.1189378322074104,0.05936368970692654
29.97069525718689,1.5833158017172388,2.11962603432461,0.0571642693575833
29.978719472885132,1.5866375799017622,2.1202580960289072,0.05438420903798409
29.988874912261963,1.590350155519759,2.120833637786187,0.05129278360030713
29.997359037399292,1.5936719337042826,2.12135206086472,0.04807295602456069
