time,qd,q,tau,position_error,jerk,jerk_d
0.0,0.00069816,-0.0539300458193209,9.999,0.0546282058193209,-1.7763568394002505e-11,3805.340000000008
0.005,0.00337288,-0.0539300458193209,10.09899,0.0573029258193209,-8.881784197001254e-12,2988.4100000000044
0.01,0.0083794,-0.0539300458193209,10.0999899,0.0623094458193209,1.7763568394002508e-11,-465.88000000001193
0.015,0.01528859,-0.0539300458193209,10.099999898999998,0.0692186358193209,8.881784197001262e-12,-2940.4299999999894
0.02,0.02371265,-0.0539300458193209,10.09999999899,0.0776426958193209,586.196150209997,-2620.3499999999917
0.025,0.03330469,-0.0539300458193209,1.136332888127688,0.0872347358193209,1172.392300420002,-2314.8000000000247
0.03,0.04375748,-0.0539300458193209,-9.987636671118722,0.0976875258193209,-1.7621459846850485e-11,-2028.2099999999784
0.035,0.05480083,-0.0533438496691109,-10.098876366711186,0.1081446796691109,-1172.392300419984,-1761.4800000000027
0.04,0.06619909,-0.0527576535189009,-10.099988763667112,0.1189567435189009,-781.5948669466881,-1514.6500000000524
0.045,0.0777488,-0.0521714573686909,-10.09999988763667,0.1299202573686909,-586.196150210032,-1287.2299999999514
0.05,0.089276,-0.0515852612184809,-10.099999998876363,0.1408612612184809,-390.7974334731889,-1078.1099999999751
0.055,0.10063395,-0.0511944637850076,-10.099999999988762,0.1518284137850076,390.79743347341997,-886.9400000000815
0.06,0.11170098,-0.0509990650682709,-10.099999999999886,0.1627000450682709,390.79743347319885,-713.8099999999497
0.065,0.12237817,-0.0508036663515342,-10.099999999999998,0.1731818363515342,-195.39871673681628,-558.3699999998964
0.07,0.13258709,-0.0506082676347975,-10.099999999999998,0.1831953576347975,-1.750777300912887e-11,-420.0200000000905
0.075,0.14226765,-0.0506082676347975,-10.099999999999998,0.1928759176347975,390.7974334734291,-297.570000000102
0.08,0.15137596,-0.0506082676347975,-5.100499999999999,0.2019842276347975,390.7974334733054,-188.05999999992764
0.085,0.15988237,-0.0506082676347975,-5.050504999999999,0.2104906376347975,-2.664535259100376e-11,-88.10999999990918
0.09,0.16777002,-0.0506082676347975,-5.050005049999999,0.2183782876347975,-586.1961502097835,0.4599999999782085
0.095,0.17503427,-0.0504128689180609,-5.0500000505,0.2254471389180609,0.0,71.18999999991865
0.1,0.18168116,-0.0506082676347975,-5.050000000504999,0.2322894276347975,586.1961502097835,123.78000000001475
0.105,0.18772381,-0.0506082676347975,-6.425905549181109,0.2383320776347975,2.664535259100376e-11,165.29000000002452
0.11,0.19318057,-0.0506082676347975,-3.5573724166337626,0.2437888376347975,0.0,200.34999999996626
0.115,0.19807477,-0.0506082676347975,-1.623905728381117,0.24868303763479752,-2.664535259100376e-11,230.24000000002752
0.12,0.20243354,-0.0506082676347975,-0.4055888350489618,0.2530418076347975,-390.7974334731896,254.37999999997783
0.125,0.2062875,-0.0504128689180609,0.4061210518243975,0.2567003689180609,1172.392300419999,268.0099999999916
0.13,0.20967031,-0.0506082676347975,1.2423653139905877,0.2602785776347975,3126.3794677866963,269.75000000010823
0.135,0.21261638,-0.0504128689180609,1.4465664264693678,0.2630292489180609,3517.1769012601353,267.4599999999896
0.14,0.21515889,-0.0494358753343775,1.641608137455785,0.2645947653343775,1172.392300419886,265.32999999985896
0.145,0.21733116,-0.0474818881670108,1.7443647040034782,0.2648130481670108,-4494.170484943429,258.11999999998784
0.15,0.21916674,-0.0435739138322774,1.6125914434732025,0.2627406538322774,-2930.980751049896,245.67000000012217
0.155,0.22069717,-0.0404475343644907,1.140616006760513,0.2611447043644907,2930.980751049992,234.6000000000712
0.16,0.22195198,-0.0375165536134406,0.9641316675339772,0.2594685336134406,-1953.9871673668868,224.92999999993583
0.165,0.22296008,-0.0322407882615505,0.8648444460461012,0.25520086826155053,-5080.366635153348,212.22999999991782
0.17,0.22374921,-0.0283328139268171,0.5823574883685446,0.2520820239268171,976.9935836835846,197.47999999999683
0.175,0.22434482,-0.0248156370255571,0.4276528229782441,0.2491604570255571,1953.987167366661,183.3800000000016
0.18,0.22477066,-0.0211030614075603,0.4306911614912457,0.2458737214075603,-976.9935836835762,169.71999999999298
0.185,0.22504887,-0.0171950870728269,0.3844652840726658,0.24224395707282692,781.5948669466217,156.58000000005472
0.19,0.22519971,-0.0138733088883035,0.3130917526626526,0.23907301888830348,1563.1897338936087,144.30000000007914
0.195,0.22524195,-0.0103561319870435,0.3542966534359594,0.2355980819870435,-976.9935836831839,131.76999999991688
0.2,0.22519294,-0.0058619615021001,0.4069748769292737,0.23105490150210012,195.39871673638447,118.59999999987923
0.205,0.22506836,-0.0027355820343133,0.432178215222993,0.22780394203431328,-195.3987167368145,105.87000000011761
0.21,0.22488212,0.0019539871673667,0.4978428045173774,0.2229281328326333,-2149.385884103178,94.02000000008633
0.215,0.2246467,0.0058619615021001,0.5334157359468815,0.2187847384978999,1172.3923004202138,82.8299999999514
0.22,0.22437312,0.0093791384033601,0.5524378357389604,0.2149939815966399,1367.791017156809,72.58000000000185
0.225,0.22407099,0.0132871127380935,0.5522754177179863,0.2107838772619065,-2540.183317576885,63.35999999993879
0.23,0.22374877,0.0175858845063003,0.5761801640243487,0.2061628854936997,-195.39871673692312,54.849999999966315
0.235,0.22341381,0.0209076626908237,0.5917829426012379,0.2025061473091763,2930.9807510500736,47.00000000010392
0.24,0.22307243,0.0240340421586104,0.6160006769207879,0.19903838784138958,-390.79743347317014,39.9299999999769
0.245,0.22273001,0.0285282126435538,0.6379328134075242,0.19420179735644622,-390.79743347318015,33.649999999880514
0.25,0.2223911,0.0316545921113405,0.6664566881314896,0.1907365078886595,2149.3858841032998,28.120000000022635
0.255,0.22205952,0.0357579651628106,0.6879176315205594,0.1863015548371894,-976.9935836835962,23.700000000097603
0.26,0.22173843,0.0400567369310174,0.7062504238867462,0.18168169306898257,-3321.7781845233003,22.12000000003645
0.265,0.22143046,0.0447463061326974,0.7315898458912464,0.1766841538673026,-1172.3923004198048,25.17999999994902
0.27,0.22113812,0.0482634830339575,0.7959934473932183,0.1728746369660425,586.1961502099484,29.799999999973238
0.275,0.22086495,0.0521714573686909,0.9857513456463424,0.16869349263130912,1563.1897338932533,31.350000000003917
0.28,0.22061535,0.055102438119741,1.1301811852192796,0.165512911880259,1367.791017156716,35.469999999976054
0.285,0.22039279,0.058619615021001,1.2528661518319268,0.161773174978999,-586.1961502099736,49.30999999999075
0.29,0.22020147,0.0621367919222611,1.5268512775439935,0.1580646780777389,976.9935836832183,64.61000000005077
0.295,0.22004945,0.0654585701067845,1.9116313613868583,0.15459087989321552,2344.7846008400184,77.19000000005121
0.3,0.21994579,0.0687803482913079,2.034059844877336,0.15116544170869212,-1367.7910171564622,107.99999999992576
0.305,0.21989954,0.0736653162097246,2.4099338895883617,0.1462342237902754,-2149.3858841033807,173.99999999998502
0.31,0.2199255,0.0773778918277214,2.943564290512202,0.1425476081722786,195.39871673644438,250.1100000000984
0.315,0.22005106,0.0818720623126648,3.946620105610965,0.1381789976873352,195.39871673669307,293.91999999994266
0.32,0.2203146,0.0857800366473982,4.647360262873406,0.1345345633526018,-1367.7910171565418,294.0699999999192
0.325,0.22075412,0.0902742071323416,5.336103469528264,0.1304799128676584,-2344.7846008399993,259.9000000000723
0.33,0.22140701,0.094182181467075,5.780710597508381,0.127224828532925,976.993583683326,242.78000000005977
0.335,0.22230279,0.0975039596515984,5.426689602127764,0.1247988303484016,3907.9743347333433,318.4099999999727
0.34,0.22346263,0.1002395416859118,4.965592502237384,0.1232230883140882,-2.6261659513693303e-11,390.6799999999407
0.345,0.22493985,0.1045383134541185,5.258790597556312,0.1204015365458815,-1758.5884506300026,288.3399999999915
0.35,0.22679987,0.1078600916386419,4.537282328099893,0.11893977836135809,976.9935836832068,139.30000000004816
0.355,0.22905598,0.111377268539902,3.46747606296369,0.11767871146009799,1172.3923004199014,176.070000000017
0.36,0.23170707,0.1152852428746354,3.0683843740092778,0.11642182712536459,-586.1961502097638,322.8299999999597
0.365,0.23479048,0.1189978184926321,2.554184339063705,0.1157926615073679,-2540.1833175765414,368.65999999999804
0.37,0.2383603,0.1236873876943122,1.8006355625519863,0.1146729123056878,-781.5948669469997,255.92999999997141
0.375,0.24246618,0.126813767162099,1.1969916809997272,0.11565241283790101,1953.9871673665643,126.28999999993175
0.38,0.24712822,0.1305263427800957,0.9405886514937432,0.11660187721990431,586.1961502103876,189.560000000135
0.385,0.25233901,0.1340435196813557,0.9935478301051897,0.11829549031864428,-976.9935836833262,320.6000000000854
0.39,0.25813712,0.1377560952993525,1.1208710142235123,0.12038102470064749,195.39871673630938,149.16999999989685
0.395,0.26459853,0.1412732722006126,1.139512970804572,0.12332525779938741,1758.5884506301113,-201.25999999987107
0.4,0.2717076,0.1443996516683993,1.159413714837001,0.1273079483316007,-586.196150209815,-308.5299999999529
0.405,0.27939391,0.148698423436606,1.257266781848569,0.13069548656339403,-2344.7846008401575,-230.32000000031394
0.41,0.2876384,0.1522156003378661,1.1773585825665949,0.1354227996621339,781.5948669466538,-189.08000000011884
0.415,0.29641662,0.1557327772391261,1.2076084365289623,0.14068384276087392,2540.1833175767997,-152.25999999985333
0.42,0.3056992,0.1588591567069129,1.2407407655331877,0.1468400432930871,-976.9935836833091,-114.64999999983547
0.425,0.31547758,0.1631579284751196,1.2695532469200768,0.1523196515248804,-2540.1833175768593,-147.0000000000141
0.43,0.32573774,0.1668705040931164,1.3037452163550458,0.1588672359068836,1953.9871673665102,-238.14000000012038
0.435,0.33646214,0.1699968835609031,1.3436929009870715,0.16646525643909693,2344.7846008402303,-281.869999999881
0.44,0.34760702,0.1737094591788998,1.3041477366208878,0.1738975608211002,-2540.183317576487,-238.45999999995206
0.445,0.35913216,0.1782036296638432,1.447557276660395,0.18092853033615677,-1953.987167366793,-218.72000000016078
0.45,0.37102517,0.1817208065651033,1.4070490493487096,0.1893043634348967,1367.7910171565675,-215.32000000000835
0.455,0.38324918,0.1852379834663634,1.4767772394875387,0.19801119653363664,390.79743347340036,-156.0099999997533
0.46,0.39577347,0.1889505590843601,1.5444288468130174,0.20682291091563992,-781.594866946768,-187.6299999999187
0.465,0.40859788,0.1924677359856202,1.611448315600931,0.21613014401437983,1758.5884506300254,-375.49000000033755
0.47,0.42169591,0.1957895141701435,1.5881692749814382,0.2259063958298565,3712.575617997035,-422.6500000001579
0.475,0.43499063,0.1991112923546669,1.5874957013704794,0.2358793376453331,-976.993583683437,-99.52999999982228
0.48,0.448417,0.2039962602730837,1.6882535204471156,0.2444207397269163,-3712.575617997119,345.9500000001012
0.485,0.46200478,0.2088812281915005,1.871198670639996,0.2531235518084995,-390.79743347322415,556.2599999998946
0.49,0.47583721,0.2125938038094972,1.92974144559337,0.2632434061905028,-2149.385884102943,501.39999999992085
0.495,0.48998628,0.2180649678781239,2.0769267854932054,0.2719213121218761,-1172.3923004200262,267.6800000001092
0.5,0.5045128,0.2211913473459107,2.1130725026379964,0.28332145265408926,5275.765351889765,-60.47999999992703
0.505,0.51943653,0.2245131255304341,2.1568606463437106,0.2949234044695659,2540.1833175765937,-255.2799999999363
0.51,0.53471145,0.2286164985819042,2.104562010533976,0.3060949514180958,-4298.7717682065995,-243.5299999999811
0.515,0.55029505,0.2335014665003209,2.279790876243284,0.3167935834996791,-3321.7781845232194,-264.2500000001801
0.52,0.56617788,0.2374094408350543,2.228832970258999,0.3287684391649457,2149.3858841034407,-400.45000000005734
0.525,0.58231831,0.2407312190195777,2.3126239943032845,0.3415870909804223,2930.9807510498886,-452.37999999990234
0.53,0.59864784,0.2442483959208378,2.292061923938989,0.35439944407916224,-781.5948669469783,-312.5000000000054
0.535,0.61510586,0.2483517689723079,2.392360106072808,0.3667540910276921,-1563.1897338932135,-102.35000000001827
0.54,0.63166895,0.2520643445903046,2.483928082387363,0.37960460540969543,976.9935836837326,43.240000000042755
0.545,0.6483452,0.2555815214915646,2.5679177359169185,0.39276367850843535,1953.9871673666153,160.19000000000557
0.55,0.66513886,0.2592940971095614,2.6445631447030853,0.4058447628904386,-781.5948669469443,224.3500000000152
0.555,0.68207957,0.2633974701610315,2.811674181585954,0.4186820998389685,-3712.5756179967993,41.26000000006229
0.56,0.69921776,0.2678916406459749,2.849275412070988,0.4313261193540251,1.4352963262354024e-10,-289.45000000007303
0.5650000000000001,0.71653332,0.2710180201137616,2.804728208162405,0.44551529988623845,4103.373051470343,-392.09999999968625
0.5700000000000001,0.73394691,0.2741443995815483,2.88780775168306,0.4598025104184517,781.5948669465479,-243.1099999995409
0.5750000000000001,0.751417,0.2784431713497551,2.960922375554737,0.4729738286502449,-1953.9871673670543,-115.25000000077111
0.58,0.76893421,0.2821557469677518,3.032829253837799,0.48677846303224814,-976.9935836833272,-120.17000000086053
0.585,0.7864875,0.2864545187359585,3.0990176622736096,0.5000329812640415,1.4068746168049984e-10,-232.34999999957023
0.59,0.80406441,0.2899716956372186,3.166875077287155,0.5140927143627814,1172.3923004201342,-324.2399999994913
0.595,0.82162465,0.2940750686886886,3.1417716861499185,0.5275495813113114,1172.3923004201342,-186.25000000014307
0.6,0.83910516,0.2975922455899487,3.233315021141279,0.5415129144100513,-1172.3923004200988,85.89000000000615
0.605,0.85650421,0.3024772135083655,3.3949939115634806,0.5540269964916344,-1367.7910171568174,121.39000000018987
0.61,0.87387021,0.3061897891263622,3.441288090222419,0.5676804208736378,1758.5884506300047,-119.62000000025333
0.615,0.89121207,0.310488560894569,3.484346660760101,0.580723509105431,1367.791017156674,-283.56000000002246
0.62,0.90848095,0.3143965352293024,3.4523712013691243,0.5940844147706976,-2344.7846008400884,-186.1099999996439
0.625,0.92562861,0.3198676992979292,3.587091164037508,0.6057609107020707,-2344.784600839946,-39.99000000007413
0.63,0.94265382,0.3235802749159259,3.624725581538682,0.6190735450840741,-390.7974334732596,-96.67000000021625
0.635,0.95956772,0.328269844117606,3.720941380538105,0.6312978758823939,1758.5884506299335,-292.31999999993235
0.64,0.97634883,0.3313962235853927,3.67909705112164,0.6449526064146072,2344.7846008400525,-377.73000000001355
0.645,0.99293273,0.3353041979201261,3.7198994255646936,0.6576285320798739,-1758.588450629969,-351.8000000002528
0.65,1.00927366,0.3396029696883328,3.808896076856583,0.6696706903116673,-2344.784600840124,-421.0099999997393
0.655,1.02534591,0.3433155453063296,3.779821448950044,0.6820303646936704,1172.3923004200262,-520.4199999995747
0.66,1.04107651,0.3464419247741163,3.7762565247317856,0.6946345852258836,2344.784600840195,-444.1200000005035
0.665,1.05638625,0.3499591016753763,3.831443305880555,0.7064271483246238,2540.1833175767015,-267.1600000002113
0.67,1.07123696,0.3530854811431631,3.881221717939098,0.7181514788568368,-781.5948669468733,-156.89999999950146
0.675,1.08560963,0.3575796516281065,3.919004618991662,0.7280299783718935,-4494.170484943461,-123.70000000018968
0.68,1.09948785,0.36207382211305,3.953563122268143,0.7374140278869501,390.7974334735084,-118.72000000025173
0.685,1.11285915,0.3653956002975733,3.9922822117532935,0.7474635497024267,3712.5756179967284,-81.49999999971828
0.6900000000000001,1.12570548,0.3689127771988334,3.9942041323747777,0.7567927028011665,-1953.987167366688,11.810000000312357
0.6950000000000001,1.13801609,0.3737977451172501,4.068299582989117,0.76421834488275,-1953.9871673666394,65.04000000004135
0.7000000000000001,1.14980835,0.3773149220185102,4.100113731117576,0.7724934279814899,2149.3858841031843,40.08999999965636
0.705,1.16109226,0.3808320989197703,4.136851256307576,0.7802601610802297,976.9935836835862,76.59999999989668
0.71,1.1718615,0.3853262694047136,4.153757291652669,0.7865352305952863,390.7974334735453,243.3999999998291
0.715,1.18212775,0.3886480475892371,4.173741252114458,0.7934797024107629,-1758.5884506303955,370.13999999984685
0.72,1.19194153,0.3939238129411272,4.275904166372409,0.7980177170588728,-2930.98075105021,293.58000000044876
0.725,1.20136596,0.3976363885591239,4.254701391925561,0.8037295714408761,781.5948669468021,152.3699999999933
0.73,1.21041858,0.4013489641771207,4.267653484169242,0.8090696158228794,1367.791017156816,170.37999999956514
0.735,1.21910047,0.4048661410783807,4.291447568980512,0.8142343289216194,390.79743347336625,299.97000000022604
0.74,1.22744502,0.4083833179796408,4.333127574546454,0.8190617020203592,1563.1897338933213,383.4400000003765
0.745,1.23550166,0.4117050961641642,4.373348091838964,0.8237965638358358,976.9935836833787,386.10999999974615
0.75,1.24332082,0.4154176717821609,4.409426720534276,0.8279031482178392,390.7974334732953,338.6399999998017
0.755,1.25095297,0.4197164435503677,4.440757486226026,0.8312365264496322,1953.9871673666166,339.6700000003275
0.76,1.25843209,0.4234290191683644,4.421767225096126,0.8350030708316355,-2735.582034313348,477.41000000015913
0.765,1.26579304,0.4292909806704645,4.508588555889809,0.8365020593295354,-7034.353802519947,585.4699999996138
0.77,1.2731185,0.4343713473056179,4.582619665878187,0.8387471526943822,-390.7974334732953,438.5199999998658
0.775,1.28049928,0.4376931254901413,4.5954826766132015,0.8428061545098586,3712.5756179965138,154.47000000036994
0.78,1.28796552,0.4412103023914014,4.554452228956563,0.8467552176085986,1563.1897338933925,-12.859999999787362
0.785,1.29551021,0.4445320805759247,4.590412237247523,0.8509781294240752,1367.7910171568174,-24.700000000021248
0.79,1.30312762,0.4476584600437115,4.56702836076027,0.8554691599562885,1367.791017156603,50.77999999969046
0.795,1.31081297,0.4513710356617082,4.61313319321717,0.8594419343382917,-195.39871673672008,148.9799999995965
0.8,1.3185801,0.455083611279705,4.653383437831948,0.8634964887202949,-1758.5884506301113,193.86999999994697
0.805,1.32645834,0.4595777817646485,4.685064466861885,0.8668805582353516,-1758.5884506300388,174.5000000002504
0.81,1.33447194,0.4632903573826451,4.717285338649665,0.8711815826173549,-976.9935836832366,117.89000000049998
0.8150000000000001,1.34264019,0.4673937304341152,4.745342665332842,0.8752464595658849,390.79743347343583,12.340000000392592
0.8200000000000001,1.35097764,0.4705201099019019,4.776739251169328,0.8804575300980981,2735.58203431349,-96.9300000002703
0.8250000000000001,1.35947641,0.4738418880864253,4.746790678697008,0.8856345219135748,1563.1897338934452,-99.91000000069891
0.8300000000000001,1.36810954,0.4771636662709487,4.7928164692019966,0.8909458737290514,-2735.5820343137,-30.75000000023317
0.835,1.37687007,0.4816578367558921,4.827763959221891,0.8952122332441079,-586.1961502105178,-44.39999999960321
0.84,1.38576773,0.4847842162236789,4.865199468751242,0.9009835137763211,4494.170484943666,-110.48999999986495
0.845,1.39479042,0.4881059944082022,4.840858788816854,0.9066844255917978,-390.79743347293993,-60.66000000032824
0.85,1.40390781,0.4927955636098823,4.883021305585437,0.9111122463901177,-6252.758935573784,35.04000000021102
0.855,1.41312697,0.4976805315282991,4.975272333541285,0.9154464384717009,-781.5948669469443,-6.879999999395636
0.86,1.42246912,0.5008069109960859,4.941109972363016,0.921662209003914,4884.967918417181,-95.96000000016136
0.865,1.43191476,0.5041286891806092,4.980971885483966,0.9277860708193908,781.5948669468733,-84.58000000047144
0.87,1.44144478,0.5080366635153426,5.014975820500614,0.9334081164846575,-3126.3794677872115,-39.960000000291984
0.875,1.45105783,0.5123354352835494,5.044448895595197,0.9387223947164507,-7.105427357600995e-11,-36.90999999975014
0.88,1.46075021,0.5152664160345994,5.0789158354487975,0.9454837939654006,1172.3923004204526,-67.44999999938264
0.885,1.47051622,0.5191743903693328,5.107423244152958,0.9513418296306672,586.1961502099414,-124.33000000044095
0.89,1.4803485,0.5224961685538563,5.138021726299818,0.9578523314461438,1563.1897338932506,-154.44000000030644
0.895,1.49022248,0.5258179467383796,5.115718254209187,0.9644045332616203,-1367.7910171565304,-128.75999999948806
0.9,1.50011532,0.530312117223323,5.207309869063998,0.9698032027766769,-2540.1833175768425,-135.28000000036388
0.905,1.51002217,0.5338292941245831,5.180527780633998,0.9761928758754169,390.7974334732228,-201.3200000004643
0.91,1.51992191,0.5373464710258432,5.220849387212795,0.9825754389741569,586.1961502100835,-238.18999999917858
0.915,1.52978001,0.5406682492103666,5.208444300909514,0.9891117607896335,195.3987167366476,-218.5599999992858
0.92,1.53956695,0.54399002739489,5.258236483200102,0.99557692260511,1953.987167366759,-168.68000000101785
0.925,1.54925781,0.54692100814594,5.254249038511069,1.0023368018540602,2735.5820343134915,-66.35000000017038
0.93,1.55883188,0.5504381850472001,5.306119406123511,1.0083936949528,-781.5948669468435,63.70000000089243
0.935,1.56828689,0.5545415580986702,5.347220794388163,1.0137453319013296,-3712.575617996787,84.64999999915221
0.94,1.57765035,0.5594265260170869,5.425719437640434,1.0182238239829133,-390.7974334733278,-1.410000000131049
0.945,1.58693095,0.5627483042016103,5.45599420745649,1.0241826457983896,976.9935836831173,-3.5599999995298504
0.95,1.59610701,0.5672424746865538,5.515995751568007,1.0288645353134465,-1367.791017156603,67.27999999952482
0.955,1.60518858,0.5711504490212871,5.519498475331786,1.034038130978713,195.39871673707393,29.25000000032867
0.96,1.6141983,0.5748630246392838,5.528763928591974,1.0393352753607161,1758.5884506300388,-59.879999999736754
0.965,1.62312706,0.5783802015405439,5.497886090845835,1.0447468584594561,195.39871673629233,-12.150000000303862
0.97,1.63195347,0.582483574592014,5.524694173900674,1.049469895407986,195.3987167363648,122.94999999966183
0.975,1.64068651,0.5861961502100108,5.594922184842682,1.0544903597899893,-390.79743347322415,154.45999999997173
0.98,1.64936037,0.5902995232614808,5.604558842943178,1.059060846738519,-1953.9871673663324,71.90000000093727
0.985,1.65798988,0.5947936937464242,5.614467991328263,1.0631961862535757,1758.5884506302532,13.820000000350745
0.99,1.66657346,0.5979200732142109,5.633058482447239,1.068653386785789,1758.5884506301097,29.28999999937784
0.995,1.67510907,0.6022188449824176,5.647169390887289,1.0728902250175825,-3517.176901260447,30.63999999937718
1.0,1.68360656,0.6071038129008345,5.699633830691832,1.0765027470991657,-195.3987167371239,-42.16000000013645
1.005,1.69207337,0.6102301923686212,5.668543018465785,1.0818431776313786,2930.9807510504515,-114.3499999994892
1.01,1.70049031,0.6143335654200912,5.68854383987363,1.0861567445799087,-1563.18973389318,-134.86999999998085
1.015,1.70884062,0.618632337188298,5.707086396719351,1.090208282811702,-1367.79101715703,-125.48000000009591
1.02,1.71711036,0.6225403115230315,5.687840600715077,1.0945700484769685,2735.582034313491,-46.3399999998129
1.025,1.72527595,0.6258620897075547,5.7212122639058,1.099413860292445,1367.791017156957,79.18999999987216
1.03,1.73334123,0.6303562601924982,5.783166657026248,1.1029849698075016,-1953.9871673665448,113.94999999993047
1.035,1.74133302,0.6346550319607048,5.793527535478264,1.1066779880392952,-2930.9807510501373,48.430000000222606
1.04,1.74926211,0.6391492024456484,5.8038006447389145,1.1101129075543517,-1563.1897338937495,-18.589999999961606
1.045,1.75712578,0.6430571767803818,5.81776794475817,1.1140686032196183,2344.7846008399824,-73.39000000001903
1.05,1.76492143,0.6459881575314318,5.83699236899431,1.1189332724685683,2930.980751050494,-129.57999999997406
1.055,1.77263564,0.6495053344326919,5.836566167607938,1.123130305567308,195.3987167368615,-143.55000000023244
1.06,1.7802458,0.6532179100506885,5.842745007965253,1.1270278899493116,195.3987167362917,-80.89999999981546
1.065,1.78773302,0.6569304856686854,5.933895558623014,1.1308025343313144,-390.7974334735796,22.209999999919262
1.07,1.79509167,0.6610338587201554,5.891003818232401,1.1340578112798445,-1953.987167366615,66.68999999959874
1.075,1.80233702,0.6655280292050988,5.899249781013112,1.136808990794901,-1172.3923004198832,3.7300000005298557
1.08,1.80948125,0.6690452061063589,5.91203618612744,1.140436043893641,-586.1961502098719,-77.49999999987375
1.085,1.81651433,0.6733439778745656,5.998858216187942,1.1431703521254344,1758.588450630038,-66.82000000040648
1.09,1.82341827,0.6760795599088789,6.012714097743718,1.147338710091121,3126.379467786642,19.86000000016412
1.095,1.83018745,0.6797921355268758,6.023899460482668,1.150395314473124,-976.9935836833081,68.10000000001548
1.1,1.83683591,0.6838955085783458,5.976441674033518,1.1529404014216542,-3321.778184523503,20.379999999702477
1.105,1.84337624,0.6879988816298159,6.060984515181431,1.155377358370184,-976.9935836837338,-62.9200000003035
1.11,1.84980227,0.691516058531076,6.072482582380161,1.158286211468924,1953.9871673669018,-104.93999999965678
1.115,1.85610108,0.6946424379988627,6.113141393216671,1.1614586420011372,2540.183317577198,-69.09999999891193
1.12,1.86225443,0.6979642161833861,6.124053801308638,1.1642902138166138,-1.8764012565952726e-10,13.95999999970229
1.125,1.86825703,0.7016767918013829,6.1199015365771725,1.1665802381986172,-1953.9871673671032,57.41999999884342
1.13,1.87412329,0.7057801648528529,6.148415864997912,1.168343125147147,586.1961502100957,65.33000000020007
1.135,1.87985805,0.7091019430373763,6.158135814593997,1.1707561069626236,1172.3923004203118,102.70000000048157
1.14,1.88546627,0.7130099173721096,6.163372826286487,1.1724563526278904,-1953.9871673667578,124.02000000008718
1.145,1.89096947,0.7175040878570531,6.123867414814185,1.1734653821429468,-976.9935836837351,73.32999999988579
1.15,1.89638607,0.7208258660415765,6.181178987708393,1.1755602039584234,390.7974334730102,11.599999999986608
1.155,1.90171531,0.7249292390930466,6.186843049184044,1.1767860709069533,390.7974334738628,-16.369999999881543
1.16,1.90695602,0.7282510172775699,6.196748549198943,1.1787050027224302,1953.9871673673265,-25.930000000471296
1.165,1.91210717,0.73176819417883,6.20486150495908,1.18033897582117,-586.1961502102963,-1.3400000000276577
1.17,1.91715975,0.7356761685135634,6.212749484672379,1.1814835814864364,-2930.9807510507762,33.7900000002374
1.175,1.92211912,0.7399749402817702,6.213955225553293,1.1821441797182297,1953.9871673664734,16.669999999691072
1.18,1.92699592,0.742515123599347,6.223864648800897,1.184480796400653,3321.7781845239288,-17.519999999535287
1.185,1.93178495,0.7466184966508169,6.226981290102827,1.185166453349183,-1367.791017156603,-9.899999999731108
1.19,1.9364812,0.7507218697022872,6.2290613937002055,1.1857593302977127,-2540.183317576914,15.049999999520026
1.195,1.94108714,0.7550206414704939,6.229745243247718,1.1860664985295062,586.1961502104405,27.650000000393618
1.2,1.94560569,0.7589286158052272,6.232476515376535,1.186677074194773,2344.784600840337,34.41000000009336
1.205,1.95004074,0.762641191423224,6.23607621340548,1.187399548576776,-781.5948669470159,47.50999999941888
1.21,1.95439704,0.7677215580583774,6.2329108419813695,1.1866754819416225,-2930.9807510504916,71.47000000003274
1.215,1.95868016,0.7718249311098475,6.234371324372689,1.1868552288901524,-781.5948669465906,78.23000000001869
1.22,1.96290276,0.7763191015947909,6.239571478516989,1.1865836584052092,1953.9871673667576,44.53999999981275
1.225,1.96707687,0.7796408797793143,6.233892142865901,1.1874359902206857,976.9935836833088,15.53000000057932
1.23,1.97120108,0.783939651547521,6.235870245834332,1.187261428452479,-1953.987167366332,29.18000000022468
1.235,1.97527541,0.788043024598991,6.23781103340921,1.1872323854010092,390.79743347329475,52.879999999221894
1.24,1.97930753,0.7915602015002512,6.241887776219977,1.1877473284997488,3126.3794677866417,58.96000000035288
1.245,1.98330496,0.7950773784015112,6.2454174571163845,1.1882275815984888,-390.7974334735065,56.24000000068166
1.25,1.98727499,0.7995715488864547,6.243785646022652,1.1877034411135452,-2735.5820343137084,52.0399999993526
1.255,1.99122448,0.8038703206546614,6.242666792530058,1.1873541593453387,-195.39871673621835,45.88999999953541
1.26,1.9951597,0.807582896272658,6.244095552736287,1.187576803727342,781.5948669465884,37.46000000006522
1.265,1.99908601,0.8116862693241282,6.243325849290149,1.1873997406758718,-976.9935836838781,20.720000000266282
1.27,2.00300755,0.815398844942125,6.244153407740904,1.187608705057875,-195.39871673629239,-21.00999999981911
1.275,2.00692701,0.8193068192768583,6.243689799612032,1.1876201907231416,2735.5820343133482,-81.96000000026369
1.28,2.01083926,0.8220424013111718,6.230083354766649,1.1887968586888282,976.9935836830255,-107.84999999998459
1.285,2.01472647,0.8265365717961152,6.201702803042545,1.1881898982038845,-2149.3858841031915,-62.77999999980494
1.29,2.01857287,0.8302491474141118,6.215131550050989,1.188323722585888,-1563.1897338934643,7.760000000018806
1.295,2.02237654,0.8343525204655821,6.219019186329611,1.1880240195344176,-195.39871673643484,29.139999999756952
1.3,2.0261456,0.8378696973668419,6.240323028824823,1.188275902633158,1367.7910171571707,-9.789999999725183
1.305,2.02988498,0.8411914755513653,6.212733389239398,1.1886935044486346,1367.7910171561757,-47.889999999884026
1.31,2.03358659,0.8447086524526255,6.211202349454171,1.1888779375473746,-976.9935836834493,-51.33000000057396
1.315,2.037242,0.848421228070622,6.206663604994779,1.188820771929378,-586.1961502097282,-50.94999999954385
1.32,2.04084795,0.8521338036886189,6.200037420461761,1.1887141463113808,3126.3794677863584,-52.57999999969465
1.325,2.04439627,0.855064784439669,6.166216959732124,1.189331485560331,976.99358368345,-34.42000000006894
1.33,2.04787873,0.8595589549246124,6.188584832813386,1.1883197750753873,-4298.771768206386,-17.93000000020433
1.335,2.05129521,0.8642485241262925,6.169697053670119,1.1870466858737077,-2735.5820343133482,-29.06000000081059
1.34,2.05464451,0.8679610997442891,6.155241920836646,1.1866834102557111,976.9935836831663,-55.49999999971283
1.345,2.05792089,0.8716736753622859,6.141698233645161,1.186247214637714,2930.980751049783,-74.68999999957873
1.35,2.06111623,0.874604656113336,6.105942247677062,1.186511573886664,1563.1897338933209,-63.08000000046678
1.355,2.06421781,0.8783172317313327,6.074366349009911,1.1859005782686673,-1953.987167366475,-23.789999999336942
1.36,2.0672192,0.8824206047828028,6.108228002117669,1.184798595217197,1.4313172869151458e-10,6.3200000008126835
1.365,2.07012289,0.8857423829673262,6.076722445455681,1.1843805070326736,2930.980751050067,26.039999999056988
1.37,2.07292963,0.889454958585323,6.083721889142519,1.183474671414677,1.0732037480920553e-10,63.21999999897122
1.375,2.07564245,0.8939491290702664,6.08596755168394,1.1816933209297338,-3712.5756179969612,102.64000000063413
1.38,2.07827356,0.8986386982719464,6.118113912456732,1.1796348617280534,-2930.9807510505625,105.25000000115813
1.385,2.08083971,0.9029374700401532,6.11085335118581,1.1779022399598467,1953.9871673666148,69.94999999932318
1.39,2.08335363,0.9062592482246766,6.110019158588512,1.1770943817753232,4103.3730514705185,41.6699999991005
1.395,2.08581992,0.9097764251259366,6.074484882474445,1.1760434948740635,-976.9935836828802,58.33000000080821
1.4,2.08823979,0.91427059561088,6.079320222800204,1.17396919438912,-3907.974334733659,87.58000000057135
1.405,2.09062475,0.9185693673790868,6.114679717918015,1.172055382620913,781.5948669461625,78.96999999928757
1.41,2.09299037,0.9216957468468736,6.078699139930246,1.1712946231531263,2149.3858841033352,52.13999999966644
1.415,2.09534178,0.9254083224648704,6.083419484939765,1.1699334575351297,-390.79743347286774,41.70000000101406
1.42,2.09768434,0.9293162967996036,6.084673717999894,1.1683680432003962,1172.3923004201683,46.1899999993425
1.425,2.10002315,0.9324426762673904,6.05239241504965,1.1675804737326096,1563.189733892753,54.07999999846434
1.43,2.1023634,0.9367414480355972,6.093428638449494,1.165621951964403,-1953.9871673666166,48.83000000148702
1.435,2.10471505,0.9408448210870672,6.054256314696301,1.1638702289129326,-2149.3858841026263,43.18000000097308
1.44,2.10708163,0.9455343902887472,6.054868586177234,1.161547239711253,781.5948669467316,63.309999999319075
1.445,2.10946631,0.948660769756534,6.059867508339968,1.1608055402434663,-390.79743347400336,73.61999999943654
1.45,2.11188221,0.9535457376749508,6.079717368000631,1.1583364723250493,-586.1961502105796,39.089999999646125
1.455,2.11434024,0.9566721171427376,6.045645532755766,1.1576681228572627,1758.5884506306074,3.630000001067316
1.46,2.11683876,0.960384692760734,6.045347474184204,1.1564540672392658,-390.79743347301195,-0.8199999996351437
1.465,2.11937593,0.9642926670954678,6.04254986568382,1.1550832629045322,-1563.189733893606,-10.28000000076176
1.47,2.12195491,0.9678098439967278,6.04048019826478,1.1541450660032722,781.5948669468737,-34.25999999990256
1.475,2.12457256,0.971131622181251,6.006283322258554,1.1534409378187487,2540.183317576203,-33.60999999983977
1.48,2.12722038,0.974258001649038,6.015175419408111,1.1529623783509617,586.1961502098708,-6.9200000007192415
1.485,2.12989587,0.9779705772670346,6.01755981485818,1.1519252927329653,-2735.582034312494,5.0600000002985865
1.49,2.13260156,0.9822693490352412,6.014249184878547,1.1503322109647587,-586.1961502098698,-16.05999999895917
1.495,2.13533894,0.985395728503028,6.014902183745935,1.1499432114969719,2735.5820343129726,-39.34000000071853
1.5,2.13810351,0.9891083041210248,5.978977920747797,1.1489952058789754,1367.7910171561814,-18.970000000989685
1.505,2.14088571,0.9928208797390216,5.985354055371694,1.1480648302609784,-2344.784600840071,22.660000000197996
1.51,2.14368689,0.9975104489407016,6.009969334095894,1.1461764410592985,-3321.7781845225095,12.170000000821318
1.515,2.14651721,1.0016138219921715,5.998551999943785,1.1449033880078283,195.39871673657728,-41.77999999939121
1.52,2.14937436,1.0051309988934318,5.960801325296538,1.144243361106568,3321.778184522367,-62.65000000041745
1.525,2.15224561,1.0084527770779552,5.962533998221477,1.1437928329220448,2735.582034313205,-40.220000000488156
1.53,2.15512414,1.012165352695952,5.960355440916776,1.1429587873040479,-1953.987167365764,-24.319999999988767
1.535,2.15800826,1.0166595231808953,5.952806789981787,1.1413487368191046,-4494.170484942534,-37.47000000004244
1.54,2.16089601,1.0213490923825752,5.943538362074284,1.1395469176174249,1563.1897338924684,-52.41999999981249
1.545,2.16378084,1.0242800731336257,5.909878542746209,1.1395007668663741,3907.9743347328063,-28.969999999900537
1.55,2.1666525,1.028188047468359,5.913677311669709,1.1384644525316412,-2735.582034312637,13.319999999907171
1.555,2.16951093,1.0328776166700389,5.939582578570754,1.136633313329961,-2930.9807510502083,9.790000000008277
1.56,2.17236464,1.0365901922880356,5.929876699964988,1.1357744477119645,2149.3858841031924,-32.38000000038661
1.565,2.17521185,1.0397165717558223,5.892795419434261,1.1354952782441778,2540.183317577197,-42.119999999669254
1.57,2.17804222,1.0436245460905555,5.892629432071609,1.1344176739094445,976.9935836831664,-7.9399999995641295
1.575,2.18085122,1.0469463242750792,5.893222572101497,1.133904895724921,-2149.385884103902,7.779999999116015
1.58,2.18364312,1.051831292193496,5.9116995057500965,1.1318118278065041,-2930.980751049924,-29.61999999996641
1.585,2.1864211,1.0555438678114926,5.868418791106598,1.1308772321885074,1953.9871673669,-68.27999999899276
1.59,2.18917512,1.0590610447127526,5.831519654592592,1.1301140752872472,4494.170484943244,-47.440000000449444
1.595,2.19189187,1.0625782216140127,5.833154690141156,1.1293136483859874,-586.1961502100132,3.189999999335413
1.6,2.19456994,1.067267790815693,5.84881580295198,1.1273021491843072,-6643.556369046581,10.260000000813136
1.605,2.19721609,1.072543556167583,5.843779616406802,1.124672533832417,-3126.379467786359,-33.46999999990754
1.61,2.19983077,1.0758653343521063,5.796251317155916,1.1239654356478939,4298.771768206954,-74.33000000048696
1.615,2.20240402,1.0787963151031563,5.782279330160998,1.1236077048968436,4494.170484942962,-80.19999999987724
1.62,2.20492414,1.0817272958542066,5.746334645465248,1.1231968441457936,-195.39871673747382,-62.55000000039118
1.625,2.20738133,1.08563527018894,5.7366927821704365,1.12174605981106,-2735.5820343131063,-44.91999999970653
1.63,2.20976985,1.0893478458069366,5.727223750635338,1.1204220041930633,-781.5948669460803,-35.20999999948924
1.635,2.21208547,1.0928650227081966,5.695886956166543,1.1192204472918033,2149.385884102908,-20.980000000463633
1.64,2.21432298,1.0959914021759836,5.69604457127539,1.1183315778240164,1367.7910171566027,1.2700000002036518
1.645,2.21648123,1.09970397779398,5.692253818985312,1.1167772522060198,-2149.385884103051,15.789999999925328
1.65,2.21856255,1.1038073508454502,5.685018405256357,1.11475519915455,-2149.3858841039037,14.39999999945502
1.655,2.22056988,1.107519926463447,5.677446390433774,1.1130499535365532,1563.1897338934637,9.23000000056993
1.66,2.22250435,1.1106463059312337,5.650327665142572,1.1118580440687662,3321.7781845244986,18.950000000472983
1.665,2.22436582,1.1141634828324936,5.650899780754329,1.1102023371675065,781.594866946165,42.3399999993988
1.67,2.22615761,1.1180714571672272,5.646587828642228,1.1080861528327728,-3712.575617997937,51.46999999965385
1.675,2.227888,1.122956425085644,5.657569718848409,1.104931574914356,-3321.778184522652,30.590000000358515
1.68,2.22956467,1.1268643994203773,5.619537953294657,1.1027002705796225,1172.3923004207395,7.6500000000125965
1.685,2.23118789,1.1301861776049007,5.590878123548589,1.1010017123950995,1953.9871673661894,12.810000000343308
1.69,2.23275612,1.1337033545061608,5.589935828894049,1.0990527654938391,1172.3923004195995,32.52000000003318
1.695,2.23427314,1.1370251326906842,5.586457630117817,1.0972480073093158,2344.7846008401953,44.03999999880179
1.7,2.23574477,1.1405423095919442,5.579313553233181,1.095202460408056,-390.797433472869,46.840000000543085
1.705,2.23717627,1.1446456826434142,5.567837874617047,1.0925305873565858,-4298.771768206953,38.510000001110654
1.71,2.23857466,1.1497260492785677,5.572456854973783,1.0888486107214321,390.79743347329554,24.95999999894123
1.715,2.23994412,1.1526570300296175,5.564773523579283,1.0872870899703826,4103.373051470947,31.960000000026213
1.72,2.2412843,1.1569558017978243,5.565802651685855,1.0843284982021755,-586.1961502102984,48.68000000044514
1.725,2.24260165,1.1614499722827678,5.559253609190847,1.0811516777172323,-3321.7781845247832,34.86999999950043
1.73,2.24390565,1.1663349402011849,5.525162619496388,1.077570709798815,-1367.7910171566025,1.2900000007217045
1.735,2.24519754,1.1704383132526548,5.478522653735761,1.0747592267473451,1172.3923004208784,-10.389999999915588
1.74,2.24647358,1.174541686304125,5.457166844320076,1.071931893695875,1563.1897338931785,-3.3600000011796496
1.745,2.24773308,1.1782542619221217,5.451789201899236,1.0694788180778785,-586.196150210194,-8.990000000041626
1.75,2.2489777,1.182748432407065,5.42094639910742,1.0662292675929352,-976.9935836827694,-27.13999999912233
1.755,2.25020491,1.1864610080250615,5.382608385791286,1.0637439019749384,1.2937562132719904e-10,-34.92999999963226
1.76,2.25140902,1.190368982359795,5.361774486234124,1.0610400376402052,-390.7974334740046,-29.870000000186693
1.765,2.25258589,1.194081557977792,5.341077309784036,1.0585043320222083,1172.3923004198841,-25.03000000046997
1.77,2.25373261,1.197403336162315,5.321922651462524,1.056329273837685,1758.5884506301811,-24.760000000299343
1.775,2.25484615,1.2007251143468387,5.302636826675126,1.0541210356531614,-1758.5884506298976,-26.59000000022573
1.78,2.25592344,1.2050238861150453,5.278381381439059,1.0508995538849548,-1367.7910171566023,-27.83999999991238
1.785,2.25696093,1.2081502655828322,5.254080497323154,1.0488106644171677,1953.987167366191,-26.049999999315844
1.79,2.25795492,1.2114720437673556,5.237450930853206,1.0464828762326444,1172.3923004197422,-21.209999999314135
1.795,2.25890239,1.2149892206686157,5.214809721398784,1.0439131693313841,195.39871673728658,-14.750000000276628
1.8,2.259801,1.2187017962866122,5.197386626354208,1.0410992037133877,976.9935836838763,-8.14000000133342
1.805,2.26064932,1.222414371904609,5.179122635519484,1.0382349480953912,-781.5948669470167,-3.889999999557716
1.81,2.26144693,1.2269085423895525,5.158802561187768,1.0345383876104475,-2735.5820343133473,-2.6399999990187837
1.815,2.26219358,1.2314027128744958,5.132631708992357,1.0307908671255042,-586.1961502097284,-1.5700000014361422
1.82,2.26288882,1.2353106872092292,5.112403450783678,1.027578132790771,1172.3923004193168,1.0599999998815974
1.825,2.26353253,1.2392186615439629,5.092296662533256,1.0243138684560371,-5.678089110006113e-10,4.090000001610633
1.83,2.2641251,1.2433220345954328,5.071193088067401,1.020803065404567,195.39871673714288,6.449999999631501
1.835,2.26466723,1.2470346102134295,5.052052032016926,1.0176326197865706,195.3987167375692,8.339999999691514
1.84,2.26515986,1.2509425845481628,5.031968926894711,1.014217275451837,-1758.5884506298974,10.370000000534816
1.845,2.26560413,1.2550459575996329,5.010521390274718,1.010558172400367,-390.79743347443105,12.839999999414346
1.85,2.26600144,1.2583677357841565,4.994326344462855,1.0076337042158436,1953.9871673663324,15.2499999995824
1.855,2.2663536,1.261494115251943,4.97921784080854,1.004859484748057,1563.1897338944586,15.060000000062189
1.86,2.26666268,1.2652066908699398,4.9605541409681,1.0014559891300603,2149.385884103619,5.980000000533892
1.865,2.26693089,1.2683330703377265,4.945759224477165,0.9985978196622733,390.79743347244175,-16.09999999942596
1.87,2.26715864,1.2730226395394069,4.900656932034754,0.994136000460593,-3321.7781845233962,-42.230000000534574
1.875,2.26734198,1.2777122087410866,4.85367017931168,0.9896297712589133,-3126.3794677863243,-52.83000000048341
1.88,2.26747322,1.28220637922603,4.800567670097402,0.9852668407739698,-1367.791017156745,-37.24000000004983
1.885,2.26754464,1.2863097522775002,4.774916669623249,0.9812348877224999,976.9935836834512,-8.759999999767814
1.89,2.26755359,1.2896315304620236,4.769142468504026,0.9779220595379763,3321.778184523078,11.570000000631353
1.895,2.26750163,1.2927579099298103,4.747540832684205,0.9747437200701896,1367.7910171568865,18.93999999964535
1.9,2.26739099,1.2962750868310704,4.739208273860621,0.9711159031689296,-2344.7846008392016,18.889999998634693
1.905,2.26722452,1.3003784598825403,4.712164876501304,0.9668460601174598,-781.5948669468725,16.98000000033059
1.91,2.26700436,1.3035048393503272,4.692439726507705,0.9634995206496728,2149.3858841026245,18.550000001198498
1.915,2.2667322,1.3068266175348506,4.673879665890221,0.9599055824651492,1367.7910171560336,23.950000000070276
1.92,2.26641068,1.3105391931528474,4.655053497464616,0.9558714868471525,-781.5948669471579,30.530000000226124
1.925,2.26604322,1.3142517687708442,4.636900341034985,0.9517914512291556,-2930.98075104893,38.99999999958928
1.93,2.2656339,1.3187459392557874,4.61563392259717,0.9468879607442127,-781.5948669451689,47.829999999180345
1.935,2.26518811,1.321872318723574,4.610344682107323,0.9433157912764261,2149.385884102342,49.34000000048378
1.94,2.26471302,1.3251940969080978,4.600746251218722,0.9395189230919021,390.797433472016,43.06000000013907
1.945,2.2642147,1.3289066725260943,4.571329692084024,0.9353080274739058,195.39871673714322,39.18999999996245
1.95,2.26369738,1.332033051993881,4.56368684631758,0.931664328006119,1367.7910171571714,40.16000000063962
1.955,2.26316605,1.3357456276118778,4.544134552949627,0.9274204223881224,5.688889359589666e-10,38.94999999971547
1.96,2.26262617,1.3394582032298743,4.531002922525455,0.9231679667701256,-1563.1897338928948,34.769999999184506
1.965,2.26208232,1.343756974998081,4.502878253390954,0.9183253450019191,-586.1961502114353,32.109999999931865
1.97,2.26153834,1.347469550616078,4.4898376633336525,0.9140687893839219,1367.7910171560338,30.500000000301796
1.975,2.26099828,1.3513775249508115,4.469870196382309,0.9096207550491884,976.9935836845872,26.790000000289677
1.98,2.260466,1.3554808980022812,4.4493318787985165,0.9049851019977189,-781.5948669468739,22.160000000042213
1.985,2.25994443,1.359975068487225,4.424996593738876,0.8999693615127751,-2735.5820343140576,20.079999999893325
1.99,2.25943594,1.3644692389721682,4.4025385550618505,0.8949667010278317,-1172.3923004191743,20.859999999913676
1.995,2.25894293,1.3687680107403752,4.383503759875486,0.8901749192596247,2930.9807510509454,21.109999999853052
2.0,2.25846824,1.3716989914914248,4.366471375947309,0.8867692485085752,586.1961502093548,18.200000000663195
2.005,2.25801464,1.376583959409842,4.343182847016075,0.8814306805901579,-2540.183317578155,13.80999999951932
2.01,2.25758401,1.3801011363111018,4.327486457900704,0.8774828736888982,-195.3987167364059,10.469999999425426
2.015,2.25717776,1.3840091106458352,4.309407059727115,0.8731686493541646,2930.9807510518835,7.970000001482688
2.02,2.25679706,1.387135490113622,4.294710651945987,0.8696615698863779,2344.7846008392617,5.399999999728891
2.025,2.25644276,1.390848065731619,4.276526605283208,0.8655946942683812,-3321.7781845254035,2.7399999987617747
2.03,2.25611536,1.3957330336500358,4.252757115228165,0.8603823263499641,-3712.5756179961572,0.1500000004693618
2.035,2.25581504,1.3994456092680323,4.2339762087038135,0.8563694307319676,1563.1897338953904,-2.239999999455634
2.04,2.25554165,1.402571988735819,4.217956347528061,0.8529696612641811,2149.3858841033475,-4.300000000223392
2.045,2.25529475,1.406089165637079,4.200390742881654,0.8492055843629209,2149.385884101642,-6.090000000829178
2.05,2.25507369,1.4092155451048658,4.184105743044921,0.8458581448951343,1367.7910171562646,-7.820000000440075
2.055,2.25487759,1.4129281207228626,4.165410764866365,0.8419494692771374,-3712.57561799527,-9.619999998445039
2.06,2.25470539,1.4178130886412792,4.139980302783087,0.8368923013587206,-2930.980751049951,-11.219999998668996
2.065,2.25455574,1.4213302655425393,4.121224055935566,0.8332254744574605,3321.7781845217723,-12.180000001084494
2.07,2.25442713,1.4246520437270629,4.103719810350751,0.829775086272937,2930.9807510507208,-12.480000001463566
2.075,2.25431798,1.4283646193450594,4.084563151309519,0.8259533606549407,-3126.3794677856104,-12.419999999903183
2.08,2.25422673,1.4330541885467396,4.060644680934519,0.8211725414532605,-4298.771768206971,-12.20999999929682
2.085,2.25415183,1.4369621628814728,4.040697979461065,0.8171896671185273,1758.5884506290658,-11.930000000293504
2.09,2.25409177,1.439893143632523,4.025698282981295,0.814198626367477,5080.366635152939,-11.590000000299014
2.095,2.25404508,1.442824124383573,4.01080881814427,0.8112209556164269,1758.588450630581,-11.13999999915687
2.1,2.25401032,1.4469274974350432,3.990162979174406,0.8070828225649567,-1758.5884506300124,-10.589999999124664
2.105,2.25398614,1.4510308704865131,3.969464869188864,0.8029552695134867,-2149.385884103863,-9.990000000643086
2.11,2.25397124,1.45591583840493,3.9450293597939305,0.7980554015950698,-781.5948669458168,-9.37000000135556
2.115,2.25396442,1.4598238127396632,3.925322873398156,0.7941406072603368,-1563.189733892742,-8.729999999558093
2.12,2.25396454,1.46470878065808,3.900904097992521,0.78925575934192,-1563.189733894375,-8.059999998976135
2.125,2.25397055,1.4684213562760768,3.8823087100420217,0.7855491937239232,2344.784600839303,-7.400000000359661
2.13,2.25398149,1.4717431344606002,3.865697510279876,0.7822383555393999,3126.3794677864553,-6.760000000839051
2.135,2.25399647,1.4752603113618603,3.848161413661536,0.7787361586381398,-390.79743347279043,-6.1199999998968
2.14,2.25401469,1.4793636844133302,3.827740651847863,0.7746510055866698,-1367.7910171553376,-5.479999999522053
2.145,2.25403542,1.4834670574648006,3.807319149196654,0.7705683625351996,195.39871673611336,-4.859999999666423
2.15,2.25405802,1.487179633082797,3.7887928116658087,0.7668783869172029,-390.79743347396897,-4.270000000019777
2.155,2.25408192,1.4916738035677406,3.766533441094063,0.7624081164322594,195.39871673765106,-3.7100000005809144
2.16,2.25410662,1.4953863791857371,3.748051007926213,0.7587202408142628,781.5948669461477,-3.19999999902612
2.165,2.2541317,1.4994897522372077,3.727658234781759,0.7546419477627921,-2540.183317577815,-2.7400000001874565
2.17,2.25415678,1.5041793214388874,3.7043593382661606,0.7499774585611128,-586.1961502087239,-2.3500000014564204
2.1750000000000003,2.25418156,1.5076964983401473,3.6868009297869775,0.7464850616598528,4494.170484944027,-1.999999999213829
2.18,2.25420576,1.5110182765246711,3.670292689435203,0.7431874834753289,586.1961502086698,-1.6199999996048389
2.185,2.25422915,1.515707845726351,3.6469893177115695,0.7385213042736489,-4298.771768207145,-1.270000000204218
2.19,2.25425156,1.5203974149280313,3.6236338444474936,0.7338541450719689,-1172.3923004203962,-0.9800000003677134
2.195,2.25427285,1.524109990546028,3.6051144008142,0.730162859453972,781.59486694665,-0.690000000815675
2.2,2.25429291,1.5280179648807612,3.585708209000493,0.726274945119239,-195.3987167356721,-0.3699999987818421
2.205,2.25431168,1.5317305404987582,3.567246724249299,0.7225811395012416,1367.7910171569927,0.11000000171159385
2.21,2.25432912,1.534661521249808,3.5526434367473643,0.7196675987501919,1563.1897338921026,1.0999999986440319
2.215,2.25434527,1.538374096867805,3.534771785946974,0.7159711731321949,976.9935836828547,3.78999999838931
2.22,2.2543603,1.5416958750523284,3.5188713452418434,0.7126644249476717,781.5948669482343,10.26000000138108
2.225,2.25437472,1.5456038493870616,3.502501406624482,0.7087708706129383,-1563.1897338927054,20.280000000810265
2.23,2.25439024,1.550098019872005,3.4911397336949457,0.7042922201279953,-2540.1833175780753,30.00999999841155
2.235,2.25441029,1.554201392923475,3.480092627265346,0.700208897076525,-1367.7910171568706,35.60999999933574
2.24,2.25443922,1.5583047659749452,3.4709515548929235,0.6961344540250549,195.39871673799632,34.060000001547714
2.245,2.25448199,1.5616265441594686,3.466566116239692,0.6928554458405314,2540.1833175763886,27.65000000096333
2.25,2.25454285,1.564948322343992,3.448926213733816,0.689594527656008,3712.5756179953987,29.32999999956236
2.255,2.25462388,1.5680747018117789,3.4335380863205023,0.6865491781882211,195.3987167361404,43.56999999884644
2.26,2.25472878,1.5725688722967222,3.4438444818143124,0.6821599077032781,-4103.373051468578,53.499999999354245
2.265,2.25486529,1.577258441498402,3.4321384393047185,0.677606848501598,-2930.9807510482924,48.85000000087477
2.27,2.25504058,1.5813618145498722,3.4224641446161823,0.673678765450128,-5.754827725468203e-10,37.2500000003202
2.275,2.25525972,1.585074390167869,3.413680644175772,0.6701853298321312,1172.3923004189169,22.659999999340357
2.28,2.2555271,1.5883961683523924,3.4057287926881274,0.6671309316476077,1563.1897338929016,8.390000000125184
2.285,2.25584442,1.591522547820179,3.377916180503096,0.6643218721798207,976.9935836839913,2.870000001005053
2.29,2.256211,1.5948443260047027,3.374150384014726,0.6613666739952972,976.9935836836504,1.3099999995351368
2.295,2.25662778,1.598166104189226,3.368313544527145,0.6584616758107742,781.5948669456834,-3.8700000010381075
2.3000000000000003,2.25709515,1.6016832810904862,3.3390701759923758,0.6554118689095139,-390.7974334727829,-1.5399999989449213
2.305,2.25761111,1.6059820528586928,3.331975950283441,0.6516290571413073,-1563.189733891705,13.300000000820518
2.31,2.25817568,1.609694628476689,3.325831685520689,0.6484810515233108,-3321.7781845247882,19.819999999129635
2.315,2.25879287,1.6145795963951064,3.3349924359407903,0.6442132736048938,-586.1961502121756,3.889999999265001
2.32,2.25946589,1.6173151784294195,3.302603854030456,0.6421507115705805,3907.9743347342546,-18.83999999962262
2.325,2.26019288,1.620636956613943,3.297437098928091,0.639555923386057,2735.582034315168,-25.429999999734918
2.33,2.26096967,1.6239587347984663,3.2673727566079536,0.6370109352015338,-390.79743347312467,-8.860000000358639
2.335,2.2617923,1.6280621078499362,3.2628345198286595,0.633730192150064,-2735.582034315753,11.299999999883312
2.34,2.26266159,1.6323608796181432,3.2776323941136933,0.6303007103818568,-3126.3794677869205,4.219999999853087
2.345,2.26358227,1.6364642526696132,3.2603585665412567,0.627118017330387,195.39871674008202,-25.679999999673868
2.35,2.26455295,1.6397860308541363,3.2239767271888846,0.6247669191458638,3321.7781845227205,-46.5199999990694
2.355,2.26556701,1.6427170116051868,3.21921131489346,0.622849998394813,1172.3923004173225,-48.09999999992695
2.36,2.26661807,1.6464295872231836,3.1860032570727665,0.6201884827768163,-586.1961502085841,-37.09000000072308
2.365,2.2677,1.65014216284118,3.1801964032741195,0.61755783715882,586.1961502113638,-21.07000000023038
2.37,2.26880885,1.6534639410257037,3.1722589585734515,0.6153449089742964,-1953.9871673687858,-16.710000000155034
2.375,2.26994415,1.658153510227384,3.1728378067172947,0.611790639772616,-1758.588450630686,-30.829999999470502
2.38,2.27110422,1.661475288411907,3.1351945354168147,0.6096289315880927,2149.385884104426,-45.749999999886896
2.385,2.27228275,1.6647970665964305,3.1216582909387243,0.6074856834035696,781.5948669473311,-50.500000001252445
2.39,2.27347335,1.668705040931164,3.104486141405955,0.6047683090688363,-976.9935836822633,-51.84999999983044
2.395,2.27467005,1.6722222178324238,3.0730293615919506,0.6024478321675764,-586.1961502105712,-51.259999998762524
2.4,2.27586574,1.6759347934504207,3.062025243921991,0.5999309465495792,-2.0676793610618915e-09,-46.01000000007956
2.405,2.2770542,1.6794519703516808,3.035135068820312,0.597602229648319,1367.7910171573676,-38.60000000059729
2.41,2.27823013,1.6825783498194673,3.0303743758514927,0.5956517801805326,1172.3923004214555,-28.239999999189358
2.415,2.27938919,1.686486324154201,3.004224636457399,0.5929028658457989,1172.3923004188216,-9.460000000273382
2.42,2.28052792,1.690003501055461,2.9999781579724307,0.5905244189445389,-1172.3923004202852,11.779999998966744
2.4250000000000003,2.28164678,1.6944976715404043,3.0052931535457974,0.5871491084595957,-4884.967918415443,19.690000000874768
2.43,2.28274965,1.6993826394588212,2.986579177911874,0.5833670105411788,1563.189733894071,16.500000000118924
2.435,2.28383875,1.702313620209871,2.9781347136326386,0.5815251297901292,6448.157652309579,19.70999999912315
2.44,2.28491501,1.7058307971111315,2.967903091198348,0.5790842128888687,-3321.778184524672,27.339999999755317
2.445,2.2859816,1.7114973598964949,2.96636796648092,0.5744842401035051,-7229.752519256461,20.570000000646598
2.45,2.28704371,1.7157961316647017,2.9486127899442454,0.5712475783352982,1758.5884506320983,2.740000001323274
2.455,2.28810267,1.7187271124157515,2.9190409202289125,0.5693755575842483,4884.967918416296,-3.3899999999676567
2.46,2.28915632,1.722048890600275,2.912839330059533,0.5671074293997249,1758.5884506285572,3.689999998358651
2.465,2.2902047,1.7257614662182716,2.902522769776358,0.5644432337817282,4.802132025361061e-10,7.169999999235371
2.47,2.29124945,1.7294740418362682,2.8895254095879825,0.5617754081637318,-3321.7781845233058,2.1300000011577964
2.475,2.29229138,1.7343590097546853,2.8681463119155444,0.5579323702453147,-1172.3923004204885,-4.939999998897196
2.48,2.29333027,1.7380715853726818,2.8500324456570203,0.555258684627318,4689.5692016805215,-10.06000000103157
2.485,2.29436484,1.7411979648404683,2.832962485863615,0.5531668751595318,-781.5948669459589,-16.89000000140933
2.49,2.29539384,1.7466691289090954,2.813839608857186,0.5487247110909046,-5666.562785362756,-28.72999999852044
2.495,2.29641502,1.750967900677302,2.7740283741223304,0.545447119322698,976.9935836840214,-38.29999999880134
2.5,2.29742327,1.754485077578562,2.752393239925788,0.5429381924214378,4494.1704849434445,-39.58000000096908
2.505,2.29841319,1.7580022544798222,2.730135385297044,0.540410935520178,-586.1961502109847,-37.89000000125044
2.51,2.29938026,1.7624964249647657,2.702637253246108,0.5368838350352343,-3907.9743347337244,-37.79000000008156
2.515,2.30031977,1.7667951967329725,2.6755209072803403,0.5335245732670277,390.79743347416087,-37.89999999810918
2.52,2.30122692,1.770116974917496,2.653172195061302,0.5311099450825039,3517.176901259556,-36.94999999965532
2.525,2.30209697,1.7734387531020193,2.63068850001882,0.5286582168979808,-390.7974334733323,-34.93000000218382
2.53,2.30292535,1.7777375248702258,2.603851798106561,0.5251878251297744,-2344.7846008386423,-31.869999999961777
2.535,2.30370784,1.7814501004882224,2.580320971639145,0.5222577395117776,-390.7974334726358,-27.71999999795014
2.54,2.30444062,1.7849672773894825,2.557391829740843,0.5194733426105174,781.5948669450332,-31.35000000099572
2.545,2.30512051,1.7884844542907428,2.538285668319204,0.5166360557092573,1953.987167365674,-79.40000000103191
2.5500000000000003,2.30574501,1.7914154350417928,2.517532045536349,0.5143295749582071,976.9935836842226,-212.65999999828503
2.555,2.30630363,1.7953234093765262,2.406911088722385,0.5109802206234737,-976.9935836829059,-398.21000000020206
2.56,2.30675912,1.7990359849945228,2.228620907358928,0.5077231350054774,-195.39871673658376,-543.7700000007571
2.565,2.30704454,1.802943959329256,2.1536106527409298,0.5041005806707441,-390.79743347392633,-600.3599999999218
2.57,2.30708474,1.8068519336639897,2.179037369360191,0.5002328063360104,-2344.7846008405277,-545.2600000006116
2.575,2.30679947,1.8111507054321965,2.195277133738601,0.4956487645678036,-586.1961502090305,-385.6199999996229
2.58,2.30612151,1.81447248361672,2.2093784649858774,0.49164902638328,1953.9871673678153,-224.86999999905606
2.585,2.30502316,1.8175988630845064,2.1645695228473847,0.4874242969154938,1172.3923004188543,-119.18000000001143
2.59,2.30348381,1.8213114387025036,2.11990640594727,0.48217237129749635,2149.3858841018982,-50.8700000010906
2.595,2.30149074,1.8242424194535536,2.129518406201656,0.4772483205464466,195.39871673803867,-49.74000000012302
2.6,2.29905246,1.82854119122176,2.071573056068976,0.47051126877824,-4884.967918416045,-31.61999999897762
2.605,2.29615134,1.8332307604234404,1.965632844343367,0.46292057957655985,-2149.385884105027,118.61999999958402
2.61,2.29277772,1.8363571398912268,1.932411228075596,0.4564205801087733,3517.1769012594477,242.75999999908458
2.615,2.28897334,1.8396789180757505,1.896878957907026,0.4492944219242496,3517.176901261111,161.0400000009031
2.62,2.28477821,1.8426098988268005,1.9106751468626573,0.4421683111731993,-1563.1897338936078,-21.80999999986625
2.625,2.2801995,1.847104069311744,1.7969577776158931,0.4330954306882562,-2735.58203431418,-123.17999999994095
2.63,2.27521497,1.8508166449297407,1.7524965546552642,0.4243983250702592,976.9935836832611,-105.56999999941831
2.635,2.26980801,1.8539430243975272,1.707016119965576,0.415864985602473,7.751168595859781e-10,26.489999998563462
2.64,2.26396482,1.858241796165734,1.5942926708149217,0.40572302383426595,1758.5884506314892,190.1399999993489
2.645,2.2576933,1.861172776916784,1.547602735268121,0.39652052308321606,4884.967918416049,109.98000000163665
2.65,2.25105425,1.8648853525347808,1.5042527650297337,0.3861688974652193,-2930.9807510509872,-171.8599999991718
2.655,2.24404551,1.870551915320144,1.319512464392771,0.3734935946798559,-8206.746102938989,-181.6800000016617
2.66,2.23659324,1.8756322819552975,1.2888129397625163,0.3609609580447024,-781.594866945279,112.29000000093197
2.665,2.22869278,1.8791494588565576,1.3177162857293427,0.3495433211434422,5275.765351888649,271.8100000012528
2.67,2.22040011,1.8822758383243443,1.2570436415687696,0.3381242716756556,1953.9871673662376,203.5799999968167
2.6750000000000003,2.2117474,1.886183812659078,1.190601549596868,0.32556358734092217,-1563.1897338916724,131.6599999994953
2.68,2.20274667,1.8900917869938112,1.1236182702184687,0.3126548830061886,195.39871673613885,133.82000000200378
2.685,2.19341295,1.8936089638950715,1.05901008678046,0.2998039861049284,195.39871673601672,178.28000000094562
2.69,2.18376458,1.8975169382298047,0.9925071923859722,0.28624764177019535,-1563.1897338929725,273.6900000005421
2.695,2.17382325,1.9016203112812748,0.9258346056916642,0.27220293871872503,1172.3923004195767,354.59999999806246
2.7,2.16363212,1.9047466907490616,0.9243184377085498,0.2588854292509384,1367.7910171569522,293.22999999887475
2.705,2.15325199,1.9086546650837948,0.8408536070858702,0.244597324916205,-2735.5820343128357,180.76000000230965
2.71,2.14270389,1.9129534368520016,0.7031548518805215,0.22975045314799836,781.5948669454438,203.78000000081192
2.715,2.1319924,1.9160798163197883,0.7053342393925992,0.21591258368021182,5080.3666351516695,270.7499999974273
2.72,2.12116065,1.919401594504312,0.6299425291794505,0.2017590554956883,-1953.987167365422,231.34999999909272
2.725,2.11024826,1.9246773598562017,0.5458170626337967,0.1855709001437984,-6252.758935571337,152.53000000255423
2.73,2.09927315,1.9291715303411447,0.4659626882869986,0.1701016196588554,390.79743347134564,92.2600000009842
2.735,2.08825092,1.9324933085256688,0.391083015800054,0.15575761147433131,3712.5756179950017,13.919999997839824
2.74,2.07719392,1.9360104854269289,0.3141266176771664,0.14118343457307114,-390.79743347185394,-2.6900000011664815
2.745,2.06609264,1.939918459761662,0.1740742752030214,0.12617418023833782,-1758.5884506291939,145.63000000066236
2.75,2.05493688,1.9436310353796589,0.1707827870341846,0.11130584462034121,1367.7910171560932,288.080000002265
2.755,2.04377073,1.946562016130709,0.1505663889950235,0.09720871386929097,1172.3923004193048,204.26000000156685
2.76,2.03264766,1.9502745917487057,0.0487096488270873,0.0823730682512942,-781.5948669473817,-18.58000000339156
2.765,2.02157327,1.953791768649966,-0.0465800355776154,0.06778150135003425,-781.594866945817,-213.5900000024515
2.77,2.01053052,1.9571135468344891,-0.1363757683124819,0.05341697316551097,-2149.3858841022115,-302.9799999961889
2.775,1.99948168,1.9608261224524857,-0.2912017945168073,0.03865555754751426,-1563.1897338932397,-194.30999999770353
2.78,1.98837187,1.9633663057700623,-0.3536949747515138,0.025005564229937605,1367.791017156576,2.3699999965812992
2.785,1.97719298,1.9655156916541656,-0.3492723792609626,0.01167728834583448,781.5948669458742,7.329999999386729
2.79,1.9659774,1.967469678821533,-0.4334510831779929,-0.0014922788215327998,-1367.7910171582894,-107.39999999828683
2.795,1.95470954,1.9692282672721628,-0.5833350799058167,-0.014518727272162746,-1172.3923004199667,-75.73000000177109
2.8000000000000003,1.94335444,1.970205260855846,-0.5666159338226897,-0.026850820855846003,195.3987167387627,35.7099999990765
2.805,1.93192396,1.9705960582893192,-0.6406150496437656,-0.03867209828931917,390.79743347360863,68.09000000087767
2.81,1.92042726,1.9704006595725827,-0.7090749453654265,-0.04997339957258262,-1.4210854715202004e-09,32.940000002100334
2.815,1.90887195,1.9698144634223729,-0.7007831388803121,-0.06094251342237289,390.7974334732305,-16.419999998325693
2.82,1.89726395,1.968446672405216,-0.8515038795825005,-0.07118272240521617,3.9744918467476964e-10,-9.640000002650083
2.825,1.88558645,1.9668834826713224,-0.8278468032513413,-0.08129703267132249,-976.9935836840968,24.109999997671082
2.83,1.87384809,1.9647340967872196,-0.8937830760198959,-0.09088600678721948,-195.3987167354917,-27.13999999771545
2.835,1.86205782,1.961803116036169,-0.9491224513396236,-0.0997452960361691,1367.7910171580934,-126.44999999792205
2.84,1.85020379,1.958285939134909,-0.9956496764110322,-0.1080821491349091,1758.5884506275443,-118.94000000209422
2.845,1.83825892,1.954377964800176,-1.1035860187982036,-0.1161190448001761,781.5948669453754,36.6699999977925
2.85,1.8262046,1.9504699904654423,-1.053626869998745,-0.12426539046544227,586.1961502122679,149.51000000222086
2.855,1.81407081,1.9463666174139724,-1.093423074474487,-0.1322958074139724,-195.398716735275,62.59000000228656
2.86,1.80188719,1.9420678456457652,-1.1304419507020786,-0.1401806556457652,-976.9935836850404,-34.83000000270988
2.865,1.789643,1.9383552700277689,-1.2314679264302737,-0.14871227002776877,3321.778184522523,129.51999999814115
2.87,1.77731415,1.932884105959142,-1.241007158871338,-0.15556995595914191,2930.9807510517344,414.75000000161833
2.875,1.76494066,1.9293669290578817,-1.28410249565723,-0.1644262690578817,-3517.1769012593822,439.6600000018404
2.88,1.752615,1.9262405495900952,-1.3110439407369072,-0.17362554959009513,-1953.987167368229,210.09000000076574
2.885,1.74037854,1.922332575255362,-1.3376936218938595,-0.1819540352553619,1758.5884506294187,50.899999997671785
2.89,1.7282294,1.918619999637365,-1.3678300177762757,-0.19039059963736493,8.189724690505035e-10,81.70999999836391
2.895,1.71616673,1.9152982214528416,-1.4013904366993013,-0.19913149145284148,-781.5948669459867,161.3700000027257
2.9,1.70420825,1.9117810445515817,-1.3769115452633818,-0.20757279455158173,586.1961502094257,154.78000000141253
2.905,1.69238694,1.9082638676503216,-1.4281278722140494,-0.21587692765032163,-976.9935836845076,92.75999999713679
2.91,1.68071292,1.9049420894657985,-1.4756429524120154,-0.22422916946579852,-1953.9871673653292,22.409999999722118
2.915,1.66919395,1.9018157099980115,-1.4643296072635823,-0.2326217599980116,1758.5884506295563,-70.74999999759234
2.92,1.65783617,1.897126140796332,-1.5708046539103446,-0.23928997079633207,1172.3923004181677,-82.50000000148407
2.9250000000000003,1.64661017,1.8939997613285449,-1.6062914157542731,-0.24738959132854488,-1953.987167364237,42.27999999815859
2.93,1.63550725,1.8900917869938112,-1.5827931215099624,-0.2545845369938111,-781.5948669450573,131.0700000010711
2.935,1.6245531,1.885988413942341,-1.628527727438788,-0.2614353139423411,195.398716735731,41.88000000198508
2.94,1.61376844,1.8818850408908712,-1.6156912578077554,-0.2681166008908711,1172.3923004194485,-175.99999999904497
2.945,1.60315381,1.8770000729724543,-1.7161604196170703,-0.2738462629724543,1563.1897338929227,-323.6800000022004
2.95,1.59266162,1.8727013012042475,-1.795167962920508,-0.2800396812042476,1172.3923004201242,-240.0700000017955
2.955,1.5822363,1.868207130719304,-1.805576493562386,-0.28597083071930407,976.993583684388,-14.369999997808577
2.96,1.57186311,1.864103757667834,-1.8225484484976096,-0.2922406476678341,-586.1961502097909,154.66000000172122
2.965,1.5615605,1.8607819794833107,-1.7965941894589146,-0.2992214794833108,-1367.7910171583858,182.4599999977586
2.97,1.55135854,1.857069403865314,-1.8371729633712237,-0.3057108638653139,-1367.7910171571525,92.18999999861552
2.975,1.54128107,1.854138423114264,-1.828267818317389,-0.312857353114264,-976.9935836814421,-34.709999997898706
2.98,1.53133037,1.8502304487795305,-1.9309704602865625,-0.3189000787795304,-1367.7910171556227,-129.63999999899147
2.985,1.5214902,1.8469086705950069,-1.9122689320437103,-0.32541847059500695,-586.1961502122263,-196.23000000195935
2.99,1.51174389,1.8426098988268005,-2.0094497768598902,-0.3308660088268005,2930.9807510480446,-218.98000000105353
2.995,1.50205825,1.837724930908384,-2.0320129947455685,-0.33566668090838414,2344.7846008422134,-170.19999999887511
3.0,1.49240287,1.8336215578569133,-2.059327439667092,-0.3412186878569132,-390.79743347089664,-92.54999999797262
3.005,1.48276624,1.8295181848054431,-2.0877712884978616,-0.34675194480544325,-390.7974334743186,-5.789999999604007
3.01,1.47313711,1.82561021047071,-2.1179164121623537,-0.35247310047071,-1758.5884506311068,70.03999999710297
3.015,1.46352162,1.8218976348527127,-2.09339775011779,-0.35837601485271264,-1758.5884506304417,50.38999999897602
3.02,1.45394082,1.8181850592347168,-2.1407602928110645,-0.36424423923471694,2149.3858841039428,-49.669999997380984
3.025,1.44439443,1.813104692599563,-2.1768017568469475,-0.3687102625995631,976.9935836847943,-114.66999999897172
3.03,1.43486439,1.809587515698303,-2.216491351939501,-0.374723125698303,-976.9935836845342,-115.02000000234142
3.035,1.425335,1.8052887439300964,-2.249327779951116,-0.3799537439300964,1563.1897338925523,-94.5899999999253
3.04,1.41579315,1.800794573445153,-2.278890542539192,-0.38500142344515287,1.0302869668521672e-09,-57.41999999799654
3.045,1.40622831,1.7974727952606295,-2.312531706471292,-0.3912444852606296,-1563.1897338932217,26.359999998254594
3.0500000000000003,1.39663251,1.7933694222091594,-2.3410425836347244,-0.3967369122091593,-195.39871673776418,114.36999999830574
3.055,1.38701694,1.7896568465911629,-2.3153860286671413,-0.4026399065911628,-586.196150209818,104.39000000217726
3.06,1.37740883,1.7857488722564294,-2.3593430031036107,-0.4083400422564294,-195.39871673518255,12.450000001820438
3.065,1.36781526,1.781645499204959,-2.397107308462044,-0.4138302392049591,976.9935836823064,-62.52000000216281
3.0700000000000003,1.3582265,1.7773467274367525,-2.4295225338116864,-0.4191202274367525,781.5948669454369,-120.30000000180812
3.075,1.34863572,1.7732433543852826,-2.459842730734211,-0.4246076343852825,390.7974334740129,-149.21999999899674
3.08,1.339023,1.7691399813338122,-2.539944229027796,-0.43011698133381215,195.39871673829037,-45.249999998021465
3.085,1.32935802,1.7652320069990788,-2.5517461683537284,-0.43587398699907887,-390.7974334734473,137.31000000063895
3.09,1.31964911,1.7615194313810822,-2.517334998404103,-0.4418703213810822,-1758.5884506322777,181.55999999777845
3.095,1.30993691,1.7578068557630857,-2.5510269724444767,-0.4478699457630857,-1758.5884506296768,62.57999999917273
3.1,1.30024214,1.7540942801450887,-2.582495505500459,-0.4538521401450888,1367.7910171587037,-10.909999997753292
3.105,1.29055395,1.749209312226672,-2.6543903041291586,-0.458655362226672,2149.3858841033134,58.85000000104823
3.11,1.28086467,1.745105939175202,-2.6189785605666445,-0.46424126917520203,-195.3987167376251,115.58999999777846
3.115,1.27119823,1.7408071674069951,-2.6478383238695287,-0.46960893740699516,390.79743347298336,43.07999999824571
3.12,1.26157555,1.736703794355525,-2.676885179134606,-0.4751282443555249,1367.7910171569458,-7.749999999046679
3.125,1.25198534,1.7324050225873184,-2.751540565776213,-0.4804196825873184,-2149.3858841021524,90.96000000213189
3.13,1.24241786,1.7292786431195315,-2.72335896356428,-0.4868607831195315,-4494.170484943591,143.18000000087656
3.135,1.23290753,1.7253706687847985,-2.7082610549830526,-0.4924631387847984,-390.79743347496037,-30.84000000214442
3.14,1.22348256,1.720681099583118,-2.796793597994652,-0.497198539583118,5666.562785363645,-206.8700000015053
3.145,1.21410798,1.7152099355144914,-2.863154172086486,-0.5011019555144913,5275.765351891565,-123.12999999806188
3.15,1.20473881,1.7105203663128112,-2.87206067824993,-0.5057815563128112,-2149.3858841028486,78.64000000124803
3.155,1.19537982,1.707589385561761,-2.845854079811544,-0.5122095655617609,-4103.373051471331,132.1299999980792
3.16,1.18606348,1.7040722086605014,-2.881934865652521,-0.5180087286605013,-586.1961502097976,59.64999999989746
3.165,1.17680169,1.7003596330425044,-2.915642946246885,-0.5235579430425044,-1563.189733893501,41.87000000171486
3.17,1.1675887,1.697233253574718,-2.9507425682023385,-0.5296445535747181,-976.9935836846201,85.20999999873229
3.1750000000000003,1.15843324,1.692934481806511,-2.929833967263801,-0.5345012418065112,2735.582034313724,62.17999999863409
3.18,1.14935634,1.6884403113215678,-2.9696567764682995,-0.5390839713215678,976.9935836841535,-46.28999999823225
3.185,1.14035968,1.6843369382700977,-3.0066595728299927,-0.5439772582700977,-1953.9871673661187,-166.5999999986077
3.19,1.13142858,1.680428963935364,-3.040745585141285,-0.5490003839353641,1367.791017155294,-220.75000000185756
3.1950000000000003,1.12253472,1.6755439960169474,-3.1162120868079897,-0.5530092760169474,2540.1833175758547,-143.4800000015356
3.2,1.11363882,1.6712452242487406,-3.1290765973773773,-0.5576064042487405,-2344.784600839144,-30.28999999870117
3.205,1.10473761,1.6679234460642172,-3.1002615087562155,-0.5631858360642172,-2344.78460083959,-36.77999999795041
3.21,1.09584358,1.663429275579274,-3.179531312720285,-0.567585695579274,2540.1833175765587,-70.68999999987548
3.215,1.08693806,1.659130503811067,-3.19418635797218,-0.572192443811067,3126.379467785499,34.34999999754699
3.22,1.07800608,1.6546363333261238,-3.209273708116129,-0.5766302533261238,-1758.5884506304353,210.34999999870587
3.225,1.06906538,1.6517053525750736,-3.18588116566712,-0.5826399725750735,-4494.170484942162,255.30000000231018
3.23,1.06016067,1.6479927769570768,-3.173892210619284,-0.5878321069570769,-586.196150209835,91.20000000165953
3.235,1.05132992,1.643889403905607,-3.2176237638910368,-0.592559483905607,3907.9743347320273,-115.79000000224826
3.24,1.04256265,1.63900443598719,-3.295862982980483,-0.59644178598719,1563.189733892379,-157.63000000147997
3.245,1.03382288,1.6350964616524568,-3.313218928806548,-0.6012735816524568,-2540.183317575358,-62.059999998633856
3.25,1.02509623,1.6315792847511963,-3.3322646367872384,-0.6064830547511963,195.3987167377221,44.63000000157915
3.255,1.01638663,1.6268897155495166,-3.345706603678927,-0.6105030855495166,2149.385884102452,166.5600000002435
3.26,1.00769935,1.6231771399315198,-3.3641348724456264,-0.6154777899315198,-7.815970093361102e-10,288.3199999980809
3.265,0.9990658,1.619464564313523,-3.3886783007179244,-0.620398764313523,-781.5948669466075,294.86999999905476
3.27,0.99053857,1.615947387412263,-3.407769655227541,-0.625408817412263,-976.9935836823587,180.6000000019207
3.275,0.98214871,1.6128210079444762,-3.387674850771879,-0.6306722979444762,-586.1961502105811,44.700000001089734
3.28,0.97390876,1.6091084323264797,-3.417846975669681,-0.6351996723264797,-586.1961502110971,-56.9200000018335
3.285,0.96581596,1.6059820528586928,-3.4473758214098806,-0.6401660928586927,195.39871673894612,-105.05000000035079
3.29,0.95785462,1.602074078523959,-3.47025399790939,-0.6442194585239591,1172.3923004198448,-120.6799999984267
3.295,0.95001063,1.5983615029059628,-3.492229235437779,-0.6483508729059628,-1367.791017158711,-158.04000000132066
3.3000000000000003,0.9422711,1.5950397247214392,-3.5150532192799755,-0.6527686247214392,-1367.7910171547587,-189.52000000110877
3.305,0.93461204,1.5911317503867055,-3.573945162994027,-0.6565197103867055,1563.189733894979,-118.87999999812817
3.31,0.92700016,1.5866375799017622,-3.5784872688452127,-0.6596374199017623,1563.189733892033,25.81000000076355
3.315,0.91943067,1.5829250042837657,-3.5499370231274274,-0.6634943342837657,-1.7296315490966663e-09,99.25999999849807
3.3200000000000003,0.91192292,1.5784308337988222,-3.5710426024489133,-0.6665079137988222,-2344.784600840114,39.129999999411126
3.325,0.90449233,1.5753044543310355,-3.569333366079377,-0.6708121243310355,-781.5948669453941,-85.00999999923704
3.33,0.89713864,1.5704194864126186,-3.625188346207736,-0.6732808464126186,3321.77818452479,-140.2899999990895
3.335,0.88983615,1.5659253159276751,-3.6386310784456577,-0.6760891659276751,1758.5884506295306,-63.52999999948702
3.34,0.88256231,1.5618219428762052,-3.6538666513161946,-0.6792596328762053,-976.9935836851811,39.01999999867948
3.345,0.87532184,1.5581093672582085,-3.6309343810785824,-0.6827875272582085,-1367.7910171560327,40.43999999894265
3.35,0.8681304,1.5543967916402115,-3.659775221344169,-0.6862663916402115,-1563.1897338917859,-31.8999999986097
3.355,0.86098842,1.5508796147389516,-3.68629332833569,-0.6898911947389517,390.79743347303815,-80.64999999917464
3.36,0.85388335,1.5467762416874815,-3.707394301889828,-0.6928928916874815,1953.9871673651357,-71.9700000013346
3.365,0.84680399,1.5426728686360116,-3.72651711835244,-0.6958688786360117,-195.39871673716894,-14.59000000095513
3.37,0.83974051,1.5393510904514882,-3.7481207607574576,-0.6996105804514882,-976.9935836825463,46.760000000464714
3.375,0.83269658,1.5354431161167548,-3.725643590765191,-0.7027465361167547,-1367.7910171558117,25.940000001438634
3.38,0.82568729,1.5319259392154947,-3.756053905952181,-0.7062386492154947,-2344.7846008398387,-87.32999999921464
3.385,0.81871295,1.528213363597498,-3.781464747545162,-0.7095004135974979,1758.5884506281634,-179.4900000015698
3.39,0.81174963,1.5231329969623446,-3.8362534297677056,-0.7113833669623446,4689.56920167972,-156.4000000013247
3.395,0.80476577,1.5186388264774011,-3.840215823980902,-0.7138730564774011,195.39871673870107,-61.629999998451865
3.4,0.79774804,1.5147308521426677,-3.8484337070589167,-0.7169828121426677,-3126.3794677870687,18.880000001221163
3.405,0.79069864,1.5114090739581445,-3.86119383401854,-0.7207104339581445,390.79743347067983,84.8199999984507
3.41,0.78362089,1.506914903473201,-3.86901025861927,-0.723294013473201,781.5948669472012,127.5999999998566
3.415,0.77653044,1.503397726571941,-3.844992417144905,-0.7268672865719409,-2344.7846008379884,83.20000000096178
3.42,0.769453,1.500075948387417,-3.8708667144425455,-0.730622948387417,-1.058671553472088e-09,10.29999999872641
3.4250000000000003,0.76238877,1.4953863791857371,-3.923348297430085,-0.7329976091857371,1758.5884506288428,26.56999999943242
3.43,0.75532757,1.4918692022844773,-3.896271956741752,-0.7365416322844773,1563.1897338937797,85.02000000163616
3.435,0.74828393,1.487375031799534,-3.912243843486928,-0.739091101799534,976.9935836832683,120.6700000008621
3.44,0.74127117,1.4840532536150106,-3.932130295113911,-0.7427820836150106,-1953.987167367061,158.04999999871546
3.4450000000000003,0.73430094,1.4809268741472237,-3.998430970769183,-0.7466259341472237,-1758.5884506293746,146.16999999902797
3.45,0.72740447,1.4776050959627005,-4.050649774323316,-0.7502006259627005,390.7974334737544,70.92000000043737
3.455,0.72059785,1.4740879190614404,-3.977322791766356,-0.7534900690614404,-2.8279600883251987e-10,56.360000001090555
3.46,0.71387364,1.4707661408769173,-4.063919338058709,-0.7568925008769173,-586.1961502100326,95.36000000051871
3.465,0.70724558,1.4672489639756567,-4.103975913200366,-0.7600033839756567,-586.1961502097207,48.32999999875932
3.47,0.70073504,1.46353638835766,-4.105389723523162,-0.76280134835766,586.1961502104123,-61.26000000078045
3.475,0.69433949,1.4598238127396632,-4.103953194677565,-0.7654843227396633,2540.1833175773177,-75.70999999869218
3.48,0.688037,1.45532964225472,-4.052467825220363,-0.7672926422547199,-586.1961502098236,18.71000000077214
3.485,0.68181832,1.45239866150367,-4.068273165986893,-0.7705803415036699,-2930.9807510514256,60.68999999838684
3.49,0.67570381,1.4486860858856732,-4.073879620661677,-0.7729822758856731,1563.189733892672,-8.140000000746511
3.495,0.66970078,1.4443873141174666,-4.086762941624277,-0.7746865341174666,1953.9871673673733,-75.0899999988365
3.5,0.66379616,1.4406747384994696,-4.112542856924345,-0.7768785784994696,-2149.3858841027177,-91.8899999990719
3.505,0.65797873,1.4373529603149464,-4.136789267264368,-0.7793742303149465,-1172.3923004195733,-103.40999999998323
3.51,0.65223896,1.433249587263476,-4.155285568494954,-0.781010627263476,2149.38588410283,-95.2600000010869
3.515,0.64656028,1.4291462142120062,-4.128806847128889,-0.7825859342120062,1172.392300418495,-36.53000000062417
3.52,0.6409288,1.425238239877273,-4.201920540061076,-0.784309439877273,-1172.3923004198036,12.680000000964071
3.525,0.63535017,1.4219164616927495,-4.214093188456539,-0.7865662916927495,-390.79743347206033,10.230000000804523
3.53,0.62982915,1.4178130886412792,-4.22215332167859,-0.7879839386412792,586.1961502097311,23.47999999890382
3.535,0.62436108,1.414491310456756,-4.234484939369834,-0.790130230456756,-1172.3923004198548,75.73999999956911
3.54,0.61895024,1.4105833361220224,-4.2641896504715735,-0.7916330961220224,-2540.18331757665,69.30000000110121
3.545,0.61361649,1.407456956654236,-4.2688108859463405,-0.7938404666542361,1367.7910171544763,-35.61000000048148
3.5500000000000003,0.60836781,1.4023765900190823,-4.265196419520508,-0.7940087800190824,4494.170484943685,-123.40000000100008
3.555,0.6031857,1.3982732169676122,-4.270227897414563,-0.7950875169676122,976.9935836858588,-82.36999999900581
3.56,0.59804625,1.3945606413496152,-4.231624846443304,-0.7965143913496152,-2149.385884104098,41.23000000098162
3.565,0.59294531,1.391434261881829,-4.241012901740164,-0.798488951881829,-2930.9807510526052,104.33999999895957
3.5700000000000003,0.58790319,1.3881124836973056,-4.268965776929482,-0.8002092936973055,-2540.183317576301,44.67999999918479
3.575,0.58293655,1.384790705512782,-4.314049764859815,-0.8018541555127819,1953.987167368442,-61.46999999955216
3.58,0.57804297,1.3801011363111018,-4.285292207641919,-0.8020581663111017,4103.373051471129,-110.58999999911191
3.585,0.5732041,1.3758023645428952,-4.297470884814402,-0.8025982645428952,195.3987167368594,-79.96999999947462
3.59,0.56840412,1.3724805863583718,-4.311047094617405,-0.8040764663583718,-1172.392300421845,-14.550000001001536
3.595,0.56363737,1.3685726120236386,-4.319441663275669,-0.8049352420236385,-2344.7846008416723,25.009999999107748
3.6,0.55890667,1.3654462325558518,-4.338229857323785,-0.8065395625558518,-2735.582034311898,-3.049999999116494
3.605,0.55422181,1.3619290556545915,-4.344907604091415,-0.8077072456545915,2540.1833175777724,-49.449999999218264
3.61,0.54957563,1.3566532903027015,-4.323219878698642,-0.8070776603027016,2735.58203431195,-34.770000000894385
3.615,0.54495437,1.3531361134014417,-4.347011800640447,-0.8081817434014417,-195.3987167367369,1.3799999992222922
3.62,0.54036155,1.348641942916498,-4.347801037077028,-0.808280392916498,-195.3987167356202,-5.239999999558734
3.625,0.53580028,1.3449293672985012,-4.351943644542913,-0.8091290872985012,-1563.1897338929653,-25.63999999900288
3.63,0.53126581,1.3412167916805044,-4.3558725125729,-0.8099509816805045,-586.1961502101193,-20.3599999996176
3.635,0.5267543,1.3371134186290343,-4.35787915752775,-0.8103591186290343,2344.7846008388397,20.189999998900717
3.64,0.52226277,1.3328146468608275,-4.359010607256265,-0.8105518768608275,1563.1897338931194,82.14999999936572
3.645,0.51779607,1.3291020712428308,-4.354226564101657,-0.8113060012428307,-781.594866944911,104.51000000117655
3.65,0.51337262,1.3257802930583074,-4.340011041361774,-0.8124076730583074,-1563.1897338929043,51.07000000051411
3.655,0.50900774,1.322458514873784,-4.358969073025858,-0.8134507748737839,-1367.7910171588578,-15.820000001346955
3.66,0.50469987,1.3193321354059977,-4.371755531558382,-0.8146322654059976,-8.08171307653538e-10,-22.9900000004927
3.665,0.50044038,1.315619559788001,-4.377839639956735,-0.8151791797880009,976.993583684877,6.330000001151035
3.67,0.4962287,1.3121023828867409,-4.362233528489391,-0.8158736828867408,195.3987167374378,3.8800000005694244
3.675,0.492071,1.3085852059854806,-4.375327446366894,-0.8165142059854806,-5.931610758125316e-10,-25.620000000761962
3.68,0.48796544,1.3050680290842205,-4.38339202180886,-0.8171025890842205,-1758.5884506307987,-29.79000000066344
3.685,0.48390348,1.3015508521829606,-4.388656381267901,-0.8176473721829607,-2149.3858841035803,-24.859999999330824
3.69,0.47988447,1.2982290739984372,-4.371091515248397,-0.8183446039984372,3712.5756179974114,-45.98999999935769
3.695,0.47590803,1.2927579099298103,-4.3893221847838255,-0.8168498799298103,2540.1833175770626,-50.45000000081208
3.7,0.47196093,1.289436131745287,-4.391801759643248,-0.8174752017452869,-4689.569201681155,-26.680000000490423
3.705,0.46803866,1.285918954844027,-4.373820166970442,-0.8178802948440271,-1367.7910171560607,-24.609999999112176
3.71,0.46414437,1.281229385642347,-4.3902709738201855,-0.8170850156423469,4689.569201681294,-12.0099999995264
3.715,0.46026869,1.27634441772393,-4.383780869686725,-0.8160757277239301,2735.582034312585,52.67999999907927
3.72,0.45641018,1.27224104467246,-4.360244571599528,-0.8158308646724599,-1758.5884506306065,100.05999999955102
3.725,0.45258611,1.2687238677711998,-4.334701904459285,-0.8161377577711999,-3907.9743347321146,77.9600000009199
3.73,0.44881104,1.2652066908699398,-4.349682546574685,-0.8163956508699397,-2735.5820343134114,11.300000000238924
3.735,0.44509098,1.2612987165352063,-4.322606420376332,-0.8162077365352063,1953.987167364951,-72.65000000082443
3.74,0.44142491,1.256218349900053,-4.361496648280094,-0.8147934399000529,3712.575617996902,-129.7400000001328
3.745,0.4377946,1.251333381981636,-4.371440767628554,-0.813538781981636,1.102762325899699e-09,-123.60999999962537
3.75,0.43417914,1.2472300089301662,-4.365356331568435,-0.8130508689301662,-390.797433473453,-76.86999999962035
3.755,0.43056723,1.242540439728486,-4.366118515145104,-0.811973209728486,976.9935836822564,-9.889999999619402
3.76,0.42695012,1.2382416679602797,-4.359081815607381,-0.8112915479602797,-3907.9743347338417,47.32999999930757
3.765,0.423332,1.2345290923422825,-4.332520091055844,-0.8111970923422824,-4689.5692016787,24.49999999924878
3.77,0.41972796,1.2302303205740757,-4.328292622101855,-0.8105023605740757,5666.562785365084,-57.82999999923229
3.775,0.41613624,1.2233913654882922,-4.341619695727461,-0.8072551254882923,8011.347386203663,-76.30999999932746
3.78,0.41253716,1.2185063975698756,-4.335934980856823,-0.8059692375698755,-1172.39230042132,1.3299999991979945
3.785,0.40892212,1.214793821951879,-4.3257103450465495,-0.8058717019518791,-3712.5756179967316,89.24999999948488
3.79,0.40530141,1.211081246333882,-4.309481561830846,-0.8057798363338821,-976.9935836819266,136.89000000084812
3.795,0.40169097,1.2075640694326222,-4.291438813300016,-0.8058730994326222,-1563.189733893545,153.30000000047662
3.8,0.39810996,1.2042422912480988,-4.249205760391184,-0.8061323312480988,-1172.3923004210187,142.51999999920247
3.805,0.39457968,1.2007251143468387,-4.236994701083485,-0.8061454343468387,1758.5884506301736,117.14999999946843
3.81,0.39111611,1.196426342578632,-4.219123946175017,-0.8053102325786319,-586.1961502091855,103.08000000074395
3.815,0.38773077,1.1931045643941085,-4.203815468203924,-0.8053737943941085,-2735.582034312705,96.39000000048122
3.82,0.38443701,1.1893919887761115,-4.164370559392328,-0.8049549787761114,2930.980751048922,80.48999999926912
3.825,0.38124732,1.1841162234242215,-4.1628938935932345,-0.8028689034242216,3712.5756179948885,68.23999999960967
3.83,0.37816905,1.180403647806225,-4.13791326191957,-0.802234597806225,-1758.5884506296215,73.73000000060102
3.835,0.37520982,1.1766910721882282,-4.110538635182286,-0.8014812521882282,-2540.1833175754323,82.3000000003073
3.84,0.37238047,1.173173895286968,-4.074170945879133,-0.800793425286968,-7.536016255471623e-10,79.03999999951327
3.845,0.369692,1.169070522235498,-4.046838808604847,-0.799378522235498,1367.79101715602,68.84999999985348
3.85,0.36715357,1.1651625479007646,-4.0164245984392,-0.7980089779007646,1563.189733894466,62.52000000041767
3.855,0.3647729,1.1612545735660311,-3.9861606396310414,-0.7964816735660312,-781.5948669468521,88.78000000006716
3.86,0.3625572,1.1577373966647713,-3.955004209117537,-0.7951801966647712,-3321.7781845246404,194.39999999970973
3.865,0.36051504,1.1548064159137212,-3.905253637119665,-0.7942913759137212,195.39871673770202,350.80999999988126
3.87,0.35868014,1.1501168467120408,-3.650587039209972,-0.7914367067120409,2735.582034314483,467.95000000015
3.875,0.35711282,1.1464042710940443,-3.612278853888901,-0.7892914510940443,0.0,550.2300000002215
3.88,0.3558732,1.1424962967593109,-3.5813431470983823,-0.7866230967593109,195.3987167361687,620.3499999999419
3.885,0.35503419,1.1387837211413143,-3.664449712660157,-0.7837495311413143,976.9935836824121,625.439999999727
3.89,0.35468661,1.1348757468065809,-3.583194577784299,-0.7801891368065809,-1953.9871673669415,609.9100000001843
3.895,0.3548995,1.1321401647722673,-3.583375948826452,-0.7772406647722674,-1563.1897338924068,624.1600000001026
3.9,0.35574581,1.128232190437534,-3.3955854785404416,-0.7724863804375341,1172.3923004208295,577.7999999996027
3.905,0.35731866,1.124519614819537,-3.4114373823709903,-0.7672009548195371,390.7974334722878,502.5800000002823
3.91,0.35967496,1.1210024379182773,-3.3116029771038105,-0.7613274779182773,390.797433472646,470.4100000005019
3.915,0.36286947,1.1170944635835438,-3.21488355934097,-0.7542249935835438,781.594866948586,333.2299999993297
3.92,0.36697664,1.1135772866822835,-3.128501562623716,-0.7466006466822834,-976.9935836828731,77.90999999925043
3.925,0.37202234,1.1102555084977603,-3.157731433852802,-0.7382331684977603,-1367.7910171590333,-60.57999999905678
3.93,0.37798408,1.1067383315965005,-3.06299161778159,-0.7287542515965004,586.1961502099404,-66.65999999887345
3.935,0.38485518,1.1030257559785035,-2.9875822031818835,-0.7181705759785035,1172.392300422174,-159.34000000120568
3.94,0.3926367,1.09911778164377,-2.927386789551284,-0.7064810816437701,-1172.3923004201263,-412.9900000014404
3.945,0.40130133,1.0959914021759836,-2.8821009433951303,-0.6946900721759836,-781.5948669484887,-673.929999998385
3.95,0.41077516,1.0918880291245132,-2.910686096952246,-0.6811128691245132,1172.3923004197914,-766.1299999981866
3.955,0.4209478,1.08798005478978,-2.843937013361012,-0.66703225478978,1367.791017158104,-736.1700000019327
3.96,0.43172553,1.084267479171783,-2.7874781597218314,-0.652541949171783,1563.1897338937904,-770.320000002172
3.965,0.44302846,1.080164106120313,-2.7346360436951014,-0.637135646120313,-2735.582034314568,-852.1899999980351
3.97,0.45475164,1.0776239228027364,-2.741515991493205,-0.6228722828027364,-4298.771768206826,-821.2999999975935
3.975,0.46677299,1.0741067459014764,-2.676064556537503,-0.6073337559014764,2149.385884105317,-726.6700000019696
3.98,0.4790013,1.0692217779830595,-2.571468870917088,-0.5902204779830595,2735.582034314115,-712.3300000025674
3.985,0.49136009,1.0655092023650627,-2.5639826770371874,-0.5741491123650627,195.39871673505797,-710.2199999978693
3.99,0.50374784,1.0612104305968562,-2.502527287183588,-0.5574625905968562,1758.5884506293387,-642.1399999973754
3.995,0.51607743,1.057107057545386,-2.411744102331075,-0.5410296275453861,586.1961502106521,-597.3000000011026
4.0,0.52828104,1.0537852793608626,-2.38821704022838,-0.5255042393608627,-3712.575617996252,-592.8700000013562
4.005,0.54028287,1.0506588998930757,-2.3129867706215883,-0.5103760298930757,-4494.170484942877,-489.67000000212875
4.01,0.5520036,1.0475325204252892,-2.2386982999466447,-0.4955289204252892,2540.1833175768998,-222.32000000190806
4.015,0.56338354,1.0424521537901357,-2.1275256587507987,-0.47906861379013566,5861.961502098188,31.640000004204694
4.0200000000000005,0.57442585,1.0379579833051924,-2.004259602222505,-0.4635321333051924,-1563.1897338960184,105.94000000397659
4.025,0.58515712,1.0350270025541424,-1.9799013065735176,-0.4498698825541424,-3321.778184522259,125.02999999777808
4.03,0.59557943,1.0309236295026722,-1.887239169022541,-0.4353441995026722,1172.3923004224953,227.60999999783485
4.035,0.60570955,1.026820256451202,-1.7922872828769838,-0.42111070645120185,781.5948669467655,346.04000000003225
4.04,0.61558937,1.0231076808332054,-1.698504336992594,-0.40751831083320533,-390.79743347530194,413.29000000006056
4.045,0.62526844,1.0190043077817357,-1.6028482218823394,-0.39373586778173564,-195.39871673587461,446.43999999850723
4.05,0.63480171,1.0152917321637385,-1.5097202007504915,-0.3804900221637385,195.398716738596,460.2399999984768
4.055,0.64424708,1.0111883591122686,-1.4163094508108232,-0.3669412791122686,390.7974334716617,455.8800000032834
4.0600000000000005,0.65366289,1.0072803847775351,-1.3260594469601077,-0.3536174947775351,-390.7974334750737,436.74000000342755
4.065,0.66310571,1.0035678091595384,-1.239011137852368,-0.3404620991595384,586.196150210871,382.91999999821337
4.07,0.67262879,0.9994644361080682,-1.1518613305927314,-0.32683564610806826,586.1961502110345,277.32999999799705
4.075,0.68228107,0.9957518604900716,-1.0681568125255856,-0.31347079049007154,-1758.5884506295477,200.810000000196
4.08,0.69208233,0.992430082305548,-1.06766277360492,-0.300347752305548,-1563.18973389396,221.1700000002386
4.085,0.70205049,0.9883267092540782,-0.8829280599067229,-0.2862762192540782,-7.120206646504812e-10,252.4899999998919
4.09,0.71222432,0.9844187349193448,-0.8902536379980529,-0.2721944149193448,586.1961502116028,223.1999999979554
4.095,0.72263514,0.9797291657176646,-0.7088774896458856,-0.2570940257176646,1172.3923004208111,168.40999999805115
4.1,0.73330725,0.975430393949458,-0.7196471387960579,-0.242123143949458,2149.3858841005767,92.73000000395609
4.105,0.74425822,0.9705454260310412,-0.5399297932851106,-0.22628720603104124,1367.791017155284,-23.829999996015204
4.11,0.75549953,0.9666374516963075,-0.5541884938710688,-0.21113792169630752,-1563.189733891827,-99.62000000191097
4.115,0.76701246,0.9629248760783108,-0.4621232300028357,-0.19591241607831078,-2344.784600839448,-42.09000000216838
4.12,0.77877733,0.9594076991770508,-0.3740362846872976,-0.18063036917705078,195.39871673615883,77.62000000014541
4.125,0.79079824,0.9553043261255808,-0.285986673189814,-0.16450608612558082,1367.7910171563803,77.88000000019974
4.13,0.80309856,0.9513963517908476,-0.1214158279325493,-0.14829779179084757,-586.1961502089028,-95.2100000027732
4.135,0.81569318,0.9478791748895872,-0.141641148239211,-0.13218599488958716,-390.7974334722252,-245.17000000252517
4.14,0.8285411,0.943971200554854,-0.0525503439396205,-0.11543010055485392,976.9935836817226,-232.4099999949458
4.1450000000000005,0.84160207,0.9400632262201204,0.0341832678239181,-0.09846115622012042,-2.0800428046641173e-09,-202.42999999503297
4.15,0.85485978,0.9367414480355972,0.1138090300329574,-0.08188166803559727,-390.7974334728732,-275.03000000244833
4.155,0.8682925,0.9328334737008638,0.1920880017419242,-0.06454097370086376,1.4225065569917206e-09,-321.76000000263343
4.16,0.88185217,0.929707094233077,0.1956547562537607,-0.04785492423307691,1367.7910171570923,-250.46000000004335
4.165,0.89548944,0.9257991198983436,0.3569494800209684,-0.030309679898343656,1758.588450629692,-215.35999999984944
4.17,0.90919651,0.9228681391472936,0.4214494941324951,-0.013671629147293585,195.39871673686844,-273.75000000249105
4.175,0.92294243,0.9203279558297168,0.423816920563047,0.002614474170283154,390.79743347324575,-290.46000000233266
4.18,0.93667744,0.9179831712288768,0.5731797906497788,0.018694268771123124,-390.79743347400563,-269.0699999949453
4.1850000000000005,0.95037772,0.9166153802117202,0.5722248865078191,0.033762339788279805,-1172.3923004194858,-240.53999999524848
4.19,0.9640045,0.9154429879113,0.6542755616557546,0.048561512088700076,976.9935836842155,-153.67000000269724
4.195,0.97752624,0.91427059561088,0.733883490845775,0.06325564438912001,1563.1897338931067,-58.13000000259888
4.2,0.99093715,0.9140751968941434,0.8064195681284799,0.07686195310585664,0.0,-14.5099999997459
4.205,1.00423432,0.91427059561088,0.8751654602952393,0.08996372438911993,-781.5948669461975,-16.349999999926354
4.21,1.01741726,0.9154429879113,0.9374330027951828,0.10197427208870002,-195.39871673686957,-76.67000000026457
4.215,1.03048745,0.9166153802117202,0.9982175001397888,0.1138720697882799,390.7974334720327,-146.80000000198868
4.22,1.04342848,0.9187647660958236,0.988573464331589,0.12466371390417641,-8.672031981404871e-10,-127.0700000019956
4.225,1.05620896,0.9211095506966636,1.059357820951276,0.13509940930333642,-390.7974334716032,-70.16999999586722
4.23,1.06882401,0.9244313288811868,1.1191384863851332,0.1443926811188131,-390.7974334714165,-59.769999995665785
4.235,1.08127178,0.9277531070657102,1.109310709056374,0.15351867293428978,-2540.183317577563,-30.320000001947847
4.24,1.09353368,0.932051878833917,1.1735367066668605,0.1614818011660829,-3517.176901261514,14.529999997845152
4.245,1.10561614,0.9361552518853872,1.23088974585192,0.1694608881146128,2344.784600840014,33.41999999975155
4.25,1.11752717,0.9390862326364372,1.2231269820168762,0.1784409373635628,3517.176901260661,148.2299999999359
4.255,1.12925657,0.942798808254434,1.2905416717227658,0.18645776174556594,-3907.9743347335475,322.1499999981018
4.26,1.1408379,0.9478791748895872,1.408292143185946,0.1929587251104128,-2930.9807510510764,287.0699999980165
4.265,1.1523413,0.9512009530741108,1.4445061467642035,0.20114034692588922,3712.575617996394,94.4700000041006
4.2700000000000005,1.16378802,0.9545227312586344,1.4159184177563815,0.20926528874136552,1367.7910171566937,65.11000000399807
4.275,1.1751574,0.9584307055933676,1.4696374902191325,0.2167266944066324,-3712.575617996894,151.42999999794182
4.28,1.186472,0.9627294773615744,1.580011328851839,0.22374252263842553,-976.9935836829243,75.40999999818771
4.285,1.19776998,0.9658558568293608,1.5430188066846462,0.23191412317063909,3712.5756179968203,-116.46999999996657
4.29,1.20904127,0.9687868375804112,1.587724857125008,0.24025443241958877,1953.9871673659907,-207.84000000021354
4.295,1.22025445,0.9724994131984078,1.564735271672232,0.24775503680159228,-976.993583683919,-160.10000000208382
4.3,1.23137936,0.9764073875331412,1.6113111133822788,0.2549719724668589,-976.9935836838323,-71.21000000207556
4.305,1.24240297,0.9803153618678746,1.6483578174442657,0.2620876081321255,-1367.791017155302,-32.509999995901296
4.3100000000000005,1.25332617,0.9846141336360814,1.6769300954289483,0.2687120363639186,-1172.3923004182163,-47.81999999583144
4.315,1.26414433,0.9883267092540782,1.7044794335943736,0.27581762074592175,390.7974334726033,-69.69000000214726
4.32,1.27484919,0.9920392848720748,1.7300437407892588,0.28280990512792525,1367.7910171556669,-77.48000000191718
4.325,1.28543071,0.9953610630565984,1.7569986291703326,0.29006964694340154,195.39871673686795,-85.56999999968485
4.33,1.29587873,0.9990736386745948,1.7825984400814832,0.29680509132540533,-390.7974334730268,-106.96000000010542
4.335,1.30618463,1.0027862142925916,1.80966011547713,0.30339841570740833,781.5948669464813,-101.1400000021489
4.34,1.31632922,1.0059125937603783,1.797336085608784,0.31041662623962174,586.196150209457,-49.66000000188831
4.345,1.32629913,1.0102113655285851,1.8812875146058723,0.31608776447141484,1367.791017156408,-2.6899999965589814
4.3500000000000005,1.33609952,1.013337744996372,1.8663831116215472,0.322761775003628,-586.196150209995,53.43000000374127
4.355,1.34572455,1.0182227129147887,1.9013502284769557,0.3275018370852112,-3321.7781845231907,127.59999999894933
4.36,1.35518694,1.022716883399732,1.981693704448438,0.33247005660026807,390.79743347359664,145.76999999804366
4.365,1.36451432,1.026234060300992,1.9584799940123712,0.338280259699008,781.5948669463405,102.71999999929949
4.37,1.37371908,1.0307282307859356,2.0384967921578294,0.34299084921406453,-976.9935836842046,49.889999999951954
4.375,1.38281421,1.034636205120669,2.0116915306421888,0.34817800487933104,2149.385884104,48.10999999989565
4.38,1.39179866,1.0381533820219289,2.049100844963371,0.3536452779780712,586.1961502103238,134.07999999885192
4.385,1.40067411,1.0424521537901357,2.080701609423052,0.3582219562098643,-3907.9743347346202,175.2899999991323
4.39,1.40947379,1.0471417229918158,2.157478608358232,0.3623320670081842,-976.9935836831687,44.660000002382844
4.3950000000000005,1.4182281,1.0502681024596026,2.1283260618707565,0.36795999754039754,3321.7781845246723,-97.09999999730243
4.4,1.42691976,1.0537852793608626,2.1134058818500367,0.37313448063913746,1563.1897338929184,-53.01000000061549
4.405,1.43552084,1.057107057545386,2.1612267028459344,0.3784137824546139,-1367.7910171575156,73.57999999869247
4.41,1.44403947,1.0614058293135928,2.198565169365931,0.38263364068640726,-586.1961502103225,88.41999999931053
4.415,1.45249932,1.0645322087813796,2.237081693170869,0.3879671112186205,195.3987167367287,23.519999999448316
4.42,1.4609065,1.0686355818328497,2.2167090371169955,0.39227091816715043,-390.79743347402155,28.42999999898896
4.425,1.46925196,1.071957360017373,2.2626273165842665,0.39729459998262695,195.39871673630094,107.56999999899168
4.43,1.47754437,1.0756699356353696,2.300791840470171,0.40187443436463033,976.9935836849857,156.7500000027194
4.4350000000000005,1.48580719,1.078991713819893,2.3361269871891923,0.40681547618010705,7.850800364611498e-10,133.97000000309185
4.44,1.49406065,1.0827042894378898,2.3661654729416943,0.4113563605621102,-781.5948669478128,50.99999999827498
4.445,1.50232176,1.0866122637726232,2.3927897749855247,0.41570949622737685,976.9935836829243,-35.59000000194677
4.45,1.51058931,1.08973864324041,2.371280360924916,0.42085066675959015,-195.3987167361574,-32.72999999978835
4.455,1.51884667,1.0940374150086165,2.407741661612715,0.42480925499138356,-1953.9871673671275,45.35000000032693
4.46,1.52709476,1.0977499906266135,2.441932951529557,0.4293447693733865,976.9935836820703,94.39999999870199
4.465,1.53534919,1.1010717688111369,2.4741307560379733,0.43427742118886314,1172.392300419808,73.2599999986364
4.47,1.54362235,1.1047843444291336,2.501569834007454,0.4388380055708663,-976.9935836812765,-5.549999997070913
4.4750000000000005,1.55192372,1.1086923187638669,2.526021583885101,0.44323140123613314,195.3987167380755,-101.49999999753821
4.48,1.56024534,1.1120140969483905,2.5034561973183265,0.44823124305160955,976.9935836823943,-136.91000000193023
4.485,1.56856471,1.1159220712831237,2.539766258571673,0.45264263871687627,-195.3987167371536,-77.68000000112802
4.49,1.57686223,1.1196346469011205,2.5244532271834137,0.45722758309887945,-976.9935836836362,1.8000000005742294
4.495,1.58513525,1.1237380199525906,2.612429670604824,0.4613972300474094,-976.9935836836348,10.290000000168448
4.5,1.59339534,1.1274505955705874,2.587569277332064,0.4659447444294127,-586.1961502094698,-13.230000000138205
4.505,1.60163714,1.131163171188584,2.622092587791114,0.4704739688114161,1367.7910171556669,8.479999997919833
4.51,1.60985496,1.1344849493731075,2.654056618843306,0.47537001062689255,2930.9807510488126,40.52999999828815
4.515,1.61805715,1.1376113288408942,2.6835559034837235,0.48044582115910583,-586.1961502073996,38.32000000358179
4.5200000000000005,1.62624957,1.1421054993258375,2.7037589041263224,0.48414407067416243,-2930.980751048238,21.400000003094974
4.525,1.63443581,1.1460134736605712,2.7249989847518328,0.4884223363394289,-390.7974334744564,6.699999998144932
4.53,1.64261749,1.1497260492785677,2.745973421399372,0.4928914407214322,1758.588450629977,-5.640000001679489
4.535,1.65079452,1.1534386248965642,2.766110079090161,0.4973558951034358,1758.5884506309715,-15.459999999908163
4.54,1.65896542,1.1569558017978243,2.786705062123707,0.5020096182021756,-1563.189733893676,-35.08999999951147
4.545,1.66712764,1.1616453709995045,2.801219847720921,0.5054822690004954,-2344.7846008422903,-75.11000000135813
4.55,1.6752779,1.1655533453342382,2.819335665619329,0.5097245546657618,1953.9871673657508,-82.98000000194641
4.555,1.68340008,1.169070522235498,2.7987572775714256,0.514329557764502,1953.9871673698135,-15.359999997311931
4.5600000000000005,1.69147982,1.173173895286968,2.868002039268653,0.5183059247130322,-1953.9871673655707,28.400000003315668
4.565,1.69952886,1.1776680657719116,2.8791154997852426,0.5218607942280884,-1953.98716736886,-46.14000000119161
4.57,1.70755582,1.1817714388233818,2.891695736652056,0.5257843811766183,195.39871673658524,-158.0900000018977
4.575,1.71554238,1.1854840144413783,2.868540113007595,0.5300583655586217,1367.7910171580857,-193.36000000010202
4.58,1.72345976,1.1893919887761115,2.89249240613582,0.5340677712238884,1563.1897338932495,-144.2399999996328
4.585,1.73128255,1.1927137669606351,2.9511721290092514,0.5385687830393648,-781.594866948188,-73.45000000129448
4.59,1.73899828,1.197403336162315,2.937281136255298,0.5415949438376848,-1758.588450631398,-41.75000000170229
4.595,1.74660513,1.2009205130635754,2.9846707510248267,0.5456846169364247,-195.39871673480604,-60.749999997492864
4.6000000000000005,1.75409793,1.2050238861150453,2.962429873315729,0.5490740438849546,1563.189733895735,-105.45999999696403
4.605,1.76146837,1.2083456642995687,3.047757467567518,0.5531227057004313,2149.38588410199,-130.0600000010831
4.61,1.76869796,1.2120582399175657,3.074559402218653,0.5566397200824342,-1758.5884506311138,-107.0300000017761
4.615,1.77576681,1.216552410402509,3.0967795109566696,0.559214399597491,-2735.582034312617,-88.53000000045108
4.62,1.78266831,1.2206557834539788,3.103843409296944,0.5620125265460212,2149.3858841032893,-119.23999999908654
4.625,1.78939342,1.2237821629217658,3.1318654617392987,0.5656112570782341,1758.5884506298346,-148.77999999953636
4.63,1.79592045,1.2280809346899724,3.135556480845902,0.5678395153100275,-1953.9871673672724,-138.89000000233852
4.635,1.80222896,1.2321843077414425,3.1339732120523487,0.5700446522585576,-1172.392300421199,-124.97000000129617
4.64,1.8083056,1.2360922820761762,3.127442827439732,0.5722133179238238,1172.3923004210783,-122.71999999702291
4.6450000000000005,1.81413454,1.2398048576941727,3.094059698597381,0.5743296823058273,1563.1897338945876,-103.72999999768354
4.65,1.81969879,1.2435174333121697,3.087112850097661,0.5761813566878302,-781.5948669468721,-65.96000000124741
4.655,1.82498744,1.247816205080376,3.071805607559861,0.5771712349196239,-1758.588450630119,-40.610000001209755
4.66,1.82999629,1.2519195781318462,3.068362940627884,0.5780767118681538,976.9935836824993,-38.16999999998052
4.665,1.8347217,1.2554367550331065,3.0284824702169475,0.5792849449668935,1758.5884506296927,-36.320000000387836
4.67,1.83915749,1.2595401280845764,3.005164216345052,0.5796173619154237,195.3987167360168,-20.51000000079921
4.675,1.84329915,1.2636435011360465,2.9801038433069853,0.5796556488639535,-1563.1897338939489,-1.5599999999367355
4.68,1.84714607,1.2681376716209898,2.9566745763882145,0.5790083983790102,-2735.582034310639,10.590000001503995
4.6850000000000005,1.85069928,1.272631842105933,2.9247132673662817,0.5780674378940669,390.7974334753849,20.82000000076323
4.69,1.85396047,1.2761490190071934,2.89972154024206,0.5778114509928067,3126.3794677853293,36.34999999935576
4.695,1.85693268,1.2796661959084534,2.878083253888988,0.5772664840915465,586.1961502086186,58.479999999862684
4.7,1.85962151,1.2839649676766602,2.8575039677487504,0.5756565423233397,-781.5948669469076,85.69999999963716
4.705,1.8620357,1.2878729420113937,2.8454612507157364,0.5741627579886064,-976.993583682073,115.09999999930722
4.71,1.86418767,1.2921717137796,2.839040884367437,0.5720159562203999,-2344.7846008404413,141.38000000031627
4.715,1.86609404,1.296470485547807,2.840491644904993,0.5696235544521928,-390.79743347553074,161.98000000038405
4.72,1.86777405,1.2997922637323305,2.8357858635850697,0.5679817862676695,2149.385884103932,182.3700000000548
4.7250000000000005,1.86924908,1.303114041916854,2.854166067056018,0.5661350380831458,2344.7846008425936,214.00000000021168
4.73,1.87054263,1.306435820101377,2.848984654588977,0.564106809898623,1367.7910171569301,256.64999999997366
4.735,1.87168319,1.3099529970026371,2.9107740455222006,0.5617301929973628,-2540.1833175790143,281.7899999999561
4.74,1.87270741,1.3144471674875808,2.9293081669612344,0.5582602425124192,-3321.778184523934,265.5299999997965
4.745,1.87365302,1.318355141822314,2.949780117173672,0.5552978781776858,1953.9871673681223,234.12999999977555
4.75,1.87455018,1.321286122573364,2.9274738788235557,0.5532640574266359,2735.5820343130417,231.1800000001184
4.755,1.8754241,1.3249986981913608,2.955380216566554,0.5504254018086392,-1367.7910171577985,252.25000000035575
4.76,1.87630507,1.3289066725260943,2.9748617442651617,0.5473983974739056,-1758.5884506298335,261.64999999989175
4.765,1.87722761,1.3326192481440908,2.9876179129913507,0.5446083618559092,195.39871673763326,241.59999999934456
4.7700000000000005,1.87822433,1.3359410263286144,2.995118571429348,0.5422833036713857,586.1961502110897,189.87000000012097
4.775,1.8793252,1.3394582032298743,2.995675519307635,0.5398669967701257,976.993583682606,131.02000000063646
4.78,1.88054956,1.3425845826976612,2.9678610019558813,0.5379649773023387,390.79743347203345,104.0900000001032
4.785,1.88190674,1.3461017595989213,2.9749704895217897,0.5358049804010787,-1172.392300419508,90.19999999964455
4.79,1.88341178,1.3498143352169178,2.972485696078336,0.5335974447830822,781.5948669469076,59.430000000023256
4.795,1.88507632,1.3529407146847048,2.951096379446432,0.5321356053152952,1563.189733892394,38.980000000209884
4.8,1.88690119,1.3564578915859649,2.9551308583144418,0.530443298414035,-1563.1897338934457,34.45999999962271
4.805,1.88889337,1.3607566633541714,2.947745096890288,0.5281367066458285,1.3773160389973782e-09,35.61999999953514
4.8100000000000005,1.89105677,1.3640784415386948,2.931132691137192,0.5269783284613052,1563.189733893315,57.68000000052143
4.815,1.89339235,1.3679864158734285,2.9287312073293865,0.5254059341265715,-2930.980751051844,58.0100000008249
4.82,1.89591414,1.3726759850751085,2.9176461553216853,0.5232381549248915,-2149.3858841030037,-14.550000000213345
4.825,1.89863094,1.3761931619763683,2.913897448874556,0.5224377780236318,2930.9807510507635,-101.17000000037069
4.83,1.90153131,1.3793195414441553,2.915661011326595,0.5222117685558447,976.9935836826401,-122.96000000021127
4.835,1.90459459,1.3832275157788887,2.913374721966729,0.5213670742211114,-390.79743347402155,-94.09000000062224
4.84,1.90780711,1.3869400913968852,2.9111788814165207,0.5208670186031148,2735.582034312569,-65.88000000026773
4.845,1.91116034,1.3900664708646722,2.911914115609216,0.5210938691353277,-195.39871673508424,-69.56999999919026
4.8500000000000005,1.91464745,1.3951468374998257,2.902941848422401,0.5195006125001742,-4103.373051467981,-125.87999999904224
4.855,1.91826231,1.3994456092680323,2.9006876263765355,0.5188167007319677,-1953.9871673674572,-206.78999999997262
4.86,1.92198276,1.403744381036239,2.875633286680282,0.5182383789637608,586.1961502094728,-248.57000000055186
4.865,1.92577462,1.407261557937499,2.869564313845402,0.5185130620625011,1367.7910171575156,-242.24000000061585
4.87,1.92960625,1.410778734838759,2.834694405958985,0.5188275151612409,976.9935836832085,-220.85000000033446
4.875,1.9334487,1.4141005130232824,2.834375336477461,0.5193481869767176,195.39871673630094,-195.6099999992573
4.88,1.93727568,1.4176176899245423,2.7998868743339256,0.5196579900754577,976.9935836832085,-163.6799999997215
4.885,1.9410637,1.420939468109066,2.803450584881934,0.520124231890934,1172.3923004192607,-136.54000000142196
4.89,1.94479544,1.424456645010326,2.801813903910528,0.5203387949896741,-1758.5884506294346,-120.66999999942007
4.8950000000000005,1.94845594,1.428755416778533,2.765076896288294,0.5197005232214671,-2735.582034311774,-97.10999999841795
4.9,1.95202899,1.4324679923965296,2.7688548228390637,0.5195609976034705,976.9935836836321,-56.15000000065584
4.905,1.95550475,1.435789770581053,2.77195915654259,0.5197149794189471,2930.980751050195,-10.22000000034518
4.91,1.95887922,1.4389161500488394,2.775575693585693,0.5199630699511606,-390.79743347430434,22.29999999997341
4.915,1.96215398,1.4430195231003098,2.803855336571546,0.5191344568996903,-1758.5884506304017,20.70999999944098
4.92,1.96533591,1.4467320987183063,2.7979902251299933,0.5186038112816937,1758.5884506309687,2.7199999996703923
4.925,1.96842593,1.4500538769028295,2.764504792525277,0.5183720530971705,781.5948669455164,16.56999999997413
4.93,1.97141977,1.4541572499542998,2.768450791611955,0.5172625200457002,-2735.582034312273,53.86000000103519
4.9350000000000005,1.97432332,1.4586514204392431,2.801393675346224,0.515671899560757,-390.79743347012015,72.0100000006272
4.94,1.97714737,1.4619731986237663,2.766774379324312,0.5151741713762337,781.5948669456002,64.58999999946963
4.945,1.97990001,1.4660765716752369,2.8061599455353163,0.5138234383247631,-976.9935836857665,38.34000000012108
4.95,1.98259072,1.4697891472932336,2.770093913870637,0.5128015727067663,195.39871673658374,18.130000000269035
4.955,1.98522059,1.473110925477757,2.7427501018101896,0.5121096645222429,976.9935836840612,40.75999999912639
4.96,1.98778816,1.476628102379017,2.762561684948347,0.5111600576209829,390.7974334726019,86.20999999891876
4.965,1.99030319,1.4799498805635405,2.7773738988681886,0.5103533094364596,195.3987167360352,98.92000000037199
4.97,1.99278045,1.4834670574648006,2.786392554128298,0.5093133925351994,2.573585788923083e-09,57.320000001094925
4.9750000000000005,1.99523402,1.4869842343660604,2.791766281172728,0.5082497856339396,195.39871673800369,3.9800000001738596
4.98,1.99766651,1.4905014112673207,2.786305807806518,0.5071650987326792,-2.857802883227123e-09,8.760000000045139
4.985,2.0000704,1.4942139868853177,2.787337030353172,0.5058564131146821,-390.79743347402155,63.73000000053459
4.99,2.00245032,1.497926562503314,2.786125838274244,0.5045237574966859,-781.5948669446338,93.53999999973782
4.995,2.00482109,1.5016391381213108,2.7833319663824883,0.5031819518786893,586.1961502100396,75.74999999917884
5.0,2.00719561,1.5053517137393075,2.7796910692478565,0.5018438962606926,1953.9871673655643,59.87999999945529
5.005,2.00957963,1.5084780932070945,2.745913228406569,0.5011015367929057,-781.5948669474774,76.79999999937003
5.01,2.01197813,1.513363061125511,2.775164699365396,0.49861506887448903,-781.5948669472032,92.56000000048968
5.015,2.0144059,1.5166848393100345,2.7697029809606613,0.49772106068996536,-390.79743347176674,78.72000000189202
5.0200000000000005,2.01687468,1.5211790097949778,2.757552921832815,0.49569567020502214,-3126.3794677849264,41.67000000024947
5.025,2.01939246,1.5254777815631846,2.7651961790385746,0.4939146784368156,-390.7974334741906,-16.440000001680147
5.03,2.02196398,1.5284087623142348,2.730715179743008,0.4935552176857654,3321.7781845222303,-75.09000000056093
5.035,2.02458098,1.5317305404987582,2.722320722707739,0.49285043950124185,3126.379467787633,-99.2699999991984
5.04,2.02722959,1.534661521249808,2.684717480118949,0.4925680687501921,2.8273916541365907e-10,-86.79999999913235
5.045,2.02989637,1.5387648943012782,2.678646335303174,0.49113147569872173,-2735.582034314749,-62.90000000064062
5.05,2.03257224,1.5430636660694848,2.66768749922752,0.48950857393051517,-390.79743347384243,-49.85000000118553
5.055,2.03525183,1.5465808429707448,2.658321507228252,0.48867098702925515,195.3987167384106,-52.02999999880547
5.0600000000000005,2.03792903,1.5508796147389516,2.6443441177622526,0.4870494152610483,-1953.9871673653565,-64.78999999927879
5.065,2.04059751,1.554787589073685,2.6322203845796164,0.4858099209263149,-586.1961502101476,-76.2800000009671
5.07,2.04324793,1.5583047659749452,2.5933745524516896,0.484943164025055,1758.5884506289806,-68.4299999997535
5.075,2.04586862,1.561431145442732,2.593979834231308,0.4844374745572677,1758.5884506289792,-48.96000000002407
5.08,2.04845266,1.5647529236272557,2.5897464650623303,0.48369973637274444,976.9935836843454,-43.62000000071711
5.085,2.05099673,1.5682701005285151,2.5802871253483146,0.4827266294714849,586.1961502097568,-46.40999999992516
5.09,2.05349426,1.5719826761465123,2.5420539074742714,0.4815115838534876,-1367.7910171581082,-39.51999999996204
5.095,2.05593822,1.576281447914719,2.55274422412056,0.4796567720852809,-2540.1833175744596,-38.28999999937045
5.1000000000000005,2.05832632,1.5805802196829255,2.528928428717692,0.47774610031707443,-586.1961502085821,-52.2399999991508
5.105,2.06065357,1.5840973965841858,2.4900730567586016,0.47655617341581413,976.9935836824682,-57.9300000004194
5.11,2.06291055,1.588005370918919,2.4733447694731794,0.47490517908108076,1953.9871673672696,-47.70000000036379
5.115,2.06509054,1.5911317503867055,2.4581824159708128,0.4739587896132944,1953.9871673658515,-38.309999999911156
5.12,2.06718902,1.595235123438176,2.4357406896046494,0.47195389656182374,-1172.392300421499,-34.96000000069591
5.125,2.06920143,1.599338496489646,2.4123531968231617,0.46986293351035413,-4103.373051469707,-31.41000000056374
5.13,2.07112342,1.6042234644080626,2.384759959378334,0.46689995559193753,-1563.189733893248,-24.539999999718077
5.135,2.07295128,1.607545242592586,2.366185857503392,0.4654060374074138,2344.7846008395886,-14.939999999194583
5.14,2.07468234,1.6108670207771094,2.3502089724576507,0.46381531922289043,2540.1833175778443,-4.919999999196762
5.1450000000000005,2.07631555,1.6141887989616328,2.3379602704660134,0.4621267510383671,1367.791017158427,6.409999999414538
5.15,2.07785084,1.617510577146156,2.3183157302138326,0.460340262853844,-1563.1897338944718,22.129999999515064
5.155,2.07928932,1.621809348914363,2.3099366388883955,0.457479971085637,-2540.1833175787306,37.7100000005741
5.16,2.08063533,1.6255219245323598,2.3070178460889665,0.45511340546764,586.1961502103225,48.999999999355
5.165,2.08189472,1.6288437027168832,2.290548518699288,0.45305101728311703,2930.9807510504797,64.0399999991842
5.17,2.08307352,1.6323608796181432,2.2943666183148785,0.4507126403818569,1172.3923004200778,84.48000000129602
5.175,2.08418075,1.635878056519403,2.2968870463891524,0.4483026934805967,-3321.778184523087,91.75000000057648
5.18,2.08522945,1.6409584231545566,2.307875033886244,0.4442710268454433,-1172.3923004206051,73.93999999892861
5.1850000000000005,2.08623189,1.6440848026223436,2.278466269608925,0.4421470873776565,2735.5820343133037,46.399999999930515
5.19,2.08719487,1.6479927769570768,2.266819189750316,0.439202093042923,-976.993583683058,28.63000000017655
5.195,2.08812208,1.6522915487252834,2.232563646580159,0.4358305312747168,-1563.1897338938165,22.65000000022731
5.2,2.08901618,1.6561995230600168,2.2179010229350378,0.43281665693998295,1953.98716736642,19.73000000020987
5.205,2.08987995,1.6595213012445402,2.201254094659666,0.4303586487554596,1367.791017157233,12.799999999515876
5.21,2.09071603,1.6640154717294835,2.1751881713787897,0.42670055827051634,-195.39871673715356,2.7499999998778293
5.215,2.09152523,1.6677280473474807,2.150334489221328,0.4237971826525191,-1563.1897338944448,-7.0700000000449705
5.22,2.09230722,1.6728084139826338,2.121117857036805,0.4194988060173661,-1953.9871673667803,-16.879999999434418
5.2250000000000005,2.09306067,1.6767163883173677,2.090077095775425,0.41634428168263216,1563.1897338950762,-25.999999999168296
5.23,2.09378268,1.681015160085574,2.0579459958992663,0.41276751991442584,3126.379467788315,-32.140000000720164
5.235,2.09446939,1.684532336986834,2.0302669576555017,0.4099370530131661,-3126.3794677870665,-35.76000000123403
5.24,2.09511641,1.6901988997721975,1.9884774860180263,0.40491751022780265,-4884.967918418322,-42.04999999984872
5.245,2.09571925,1.6943022728236676,1.9635154101345125,0.4014169771763325,2930.9807510487744,-61.46999999913578
5.25,2.09627265,1.697233253574718,1.9226455850585205,0.39903939642528186,3321.778184523934,-104.79000000032553
5.255,2.0967682,1.701141227909451,1.877320672513451,0.395626972090549,-976.9935836829243,-165.3500000003375
5.26,2.09718993,1.7050492022441843,1.7790144752096877,0.39214072775581554,195.39871673543257,-209.78999999921245
5.265,2.09751145,1.708370980428708,1.7003821927767278,0.3891404695712919,-195.39871673436966,-208.84999999958876
5.2700000000000005,2.0977029,1.7126697521969143,1.638857424171983,0.3850331478030855,-976.993583680659,-166.34000000043181
5.275,2.09773921,1.7161869290981746,1.598969941763964,0.38155228090182525,195.39871673441658,-97.95000000030416
5.28,2.09760271,1.7198995047161716,1.5726416819988331,0.3777032052838283,-390.79743347515836,-10.439999999789961
5.285,2.09728514,1.7236120803341684,1.559529325038417,0.37367305966583153,5.6701310313656e-10,82.72000000033916
5.29,2.09679141,1.7269338585186915,1.580634688886065,0.3698575514813083,1563.1897338946678,163.9099999999944
5.295,2.0961388,1.730255636703215,1.5904246047278343,0.36588316329678494,976.9935836834927,237.22999999933904
5.3,2.09535172,1.7337728136044748,1.6284346521587802,0.36157890639552526,390.79743347065505,305.3699999992597
5.305,2.0944641,1.7376807879392089,1.6952451092398693,0.3567833120607913,1367.7910171568524,333.8400000004112
5.3100000000000005,2.09352087,1.7413933635572052,1.7683329103739938,0.35212750644279467,-1953.9871673641396,292.58000000109945
5.315,2.09256641,1.7462783314756218,1.76403843810419,0.34628807852437804,-5666.562785364222,207.5300000001233
5.32,2.0916327,1.7511632993940385,1.7449709939770008,0.3404694006059614,976.9935836820731,136.46999999935517
5.325,2.09073831,1.7540942801450887,1.7258447287186744,0.33664402985491115,5275.76535189149,111.42999999947747
5.33,2.08989474,1.757416058329612,1.711199128146569,0.3324786816703882,-586.1961502097555,110.76000000031601
5.335,2.08911627,1.762105627531292,1.7130051222524263,0.3270106424687078,-1563.189733895806,101.15000000042045
5.34,2.08841842,1.7654274057158157,1.6779015465638971,0.3229910142841843,1563.189733892576,90.43999999985084
5.345,2.08781105,1.7697261774840225,1.6655671744257443,0.3180848725159775,586.1961502126507,90.06000000023761
5.3500000000000005,2.08730489,1.7736341518187555,1.6784850042458213,0.31367073818124447,-1563.189733892576,80.34999999953328
5.355,2.08691309,1.7785191197371728,1.6570412214669237,0.3083939702628271,-1172.392300420794,55.44999999902308
5.36,2.08664421,1.7826224927886425,1.6403306446760777,0.30402171721135773,195.39871673686937,36.75000000100823
5.365,2.08650274,1.7869212645568493,1.6245019350045524,0.2995814754431505,-586.196150210608,33.68000000136959
5.37,2.08649183,1.791220036325056,1.6103733817382688,0.2952717936749438,-976.9935836843454,24.20999999884657
5.375,2.08661675,1.7951280106597896,1.6281470637679656,0.2914887393402106,195.39871673715504,-11.87000000129558
5.38,2.08688143,1.798840586277786,1.5828765364390631,0.28804084372221395,781.594866947476,-49.269999998957644
5.385,2.08727933,1.8021623644623093,1.5480514288290126,0.2851169655376906,1758.5884506295038,-53.349999999497754
5.39,2.08780114,1.8056795413635696,1.553315895650498,0.28212159863643027,2149.385884102941,-27.13000000089545
5.3950000000000005,2.08844121,1.8088059208313565,1.5234506638022105,0.27963528916864355,-1953.98716736654,2.8000000006475148
5.4,2.08919761,1.8134954900330365,1.560910854276527,0.27570211996696337,-3712.5756179959917,2.1600000008409097
5.405,2.09007526,1.8172080656510332,1.5548618538989014,0.27286719434896667,1758.5884506298319,-29.590000000895543
5.41,2.09107364,1.82033444511882,1.5168177303825752,0.2707391948811799,3712.575617995967,-51.400000000401405
5.415,2.09218364,1.8236562233033435,1.5195915495756325,0.2685274166966565,-390.79743347345305,-54.55999999952866
5.42,2.09339964,1.82795499507155,1.5118342063498686,0.26544464492845,-2930.9807510507635,-57.620000000329185
5.425,2.09471495,1.831862969406284,1.4701405889634125,0.2628519805937162,-1563.1897338935678,-62.45000000038266
5.43,2.09612105,1.8359663424577533,1.4922298067243251,0.26015470754224657,1563.1897338940707,-73.15999999948622
5.4350000000000005,2.09761157,1.838897323208804,1.450419135476786,0.25871424679119626,1563.1897338940025,-84.10999999907006
5.44,2.09917542,1.8428052975435367,1.4369972535464224,0.2563701224564632,-390.7974334729884,-79.98000000069032
5.445,2.10080034,1.8463224744447968,1.422740228725662,0.25447786555520335,-781.5948669471904,-78.73000000160235
5.45,2.10247864,1.8500350500627936,1.4250238148354406,0.2524435899372066,-195.3987167371536,-99.58999999867508
5.455,2.10420128,1.8537476256807903,1.378036834852341,0.2504536543192095,1758.5884506295477,-116.68999999841853
5.46,2.10595198,1.8568740051485773,1.3421592274337868,0.2490779748514227,1367.7910171558117,-109.18000000146242
5.465,2.1077148,1.8609773782000472,1.3427869126013852,0.24673742179995295,-1758.588450630511,-96.78000000121465
5.47,2.10947875,1.8650807512515173,1.3025947508290066,0.24439799874848278,-2930.980751048215,-92.03999999896739
5.4750000000000005,2.11123172,1.869379523019724,1.2822722794233,0.24185219698027605,390.7974334757899,-85.68999999909269
5.48,2.11296217,1.872896699920984,1.264784847830698,0.2400654700790159,4689.569201679411,-71.02000000089187
5.485,2.11466,1.8760230793887709,1.2378990078226375,0.23863692061122932,1367.791017156096,-45.930000000284736
5.49,2.11631655,1.8807126485904508,1.2335154464415805,0.23560390140954923,-4884.9679184171855,-19.959999999060386
5.495,2.11792862,1.885597616508868,1.2277344790443958,0.2323310034911319,-2344.7846008418637,-6.860000000585984
5.5,2.11949596,1.8898963882770747,1.2113571743344935,0.22959957172292533,2930.9807510507667,-1.160000000481915
5.505,2.12101762,1.893218166461598,1.2037524173468688,0.22779945353840203,-195.39871673516257,9.470000000818004
5.51,2.12249354,1.8981031343800143,1.1922763800454483,0.22439040561998547,-2735.5820343151195,22.449999999607797
5.515,2.12392584,1.9018157099980115,1.189606906803466,0.22211013000198854,781.5948669465251,24.96999999978152
5.5200000000000005,2.12531876,1.9051374881825347,1.1910754316554255,0.22018127181746516,3126.379467789501,18.36000000052732
5.525,2.12667573,1.9086546650837948,1.1666562094811304,0.21802106491620532,1953.9871673663843,26.22999999998561
5.53,2.12799659,1.9117810445515817,1.1489090027594546,0.21621554544841826,-2149.38588410613,54.66000000012815
5.535,2.12928565,1.9168614111867357,1.1837728197107935,0.21242423881326422,-2149.3858841038564,78.89999999975242
5.54,2.13055326,1.919987790654522,1.1581082899825734,0.21056546934547815,-195.39871673544678,79.51999999989239
5.545,2.13181026,1.9242865624227288,1.1962770058456529,0.20752369757727118,781.5948669457721,59.040000000154635
5.55,2.13306767,1.927608340607252,1.1635839134254682,0.20545932939274802,3126.3794677855567,50.029999999304664
5.555,2.13432908,1.9307347200750389,1.1383768128015712,0.20359435992496122,-390.797433469824,78.79000000001571
5.5600000000000005,2.13559886,1.9354242892767184,1.1808548218775294,0.2001745707232816,-3321.778184520753,109.79000000077501
5.565,2.13689214,1.939332263611452,1.176980809951783,0.197559876388548,-586.1961502117335,91.18000000001506
5.57,2.13822562,1.943044839229449,1.2003385477349813,0.195180780770551,781.5948669460577,26.450000000012466
5.575,2.13960923,1.9467574148474456,1.1524488522427951,0.19285181515255445,1367.7910171560932,-29.389999999695164
5.58,2.14103913,1.9498837943152325,1.1142176007969913,0.19115533568476728,390.7974334717478,-37.150000000283
5.585,2.1425068,1.953791768649966,1.1091132853279877,0.1887150313500341,-1172.3923004189396,-22.060000001148126
5.59,2.14401,1.9573089455512256,1.098815847538389,0.1867010544487746,390.79743347498646,-24.51000000008692
5.595,2.1455477,1.9608261224524857,1.083145900929018,0.18472157754751417,1172.3923004199564,-49.25999999870267
5.6000000000000005,2.14711617,1.9641479006370093,1.0645416988726626,0.1829682693629906,390.7974334733089,-77.9899999997626
5.605,2.14870742,1.9682512736884796,1.0191364637198683,0.1804561463115204,2344.7846008403135,-85.20000000031946
5.61,2.15030838,1.9715730518730028,0.984551019061764,0.178735328126997,781.5948669449195,-66.90999999961207
5.615,2.15190797,1.97645801979142,0.9810451831869428,0.17544995020857979,-5861.9615021006775,-55.7200000000106
5.62,2.15350143,1.9819291838600464,0.9574212886943432,0.1715722461399536,-4298.771768204588,-68.95000000099826
5.625,2.15508244,1.9862279556282527,0.9120136685399016,0.16885448437174744,2930.98075104906,-83.05000000035852
5.63,2.1566396,1.98935433509604,0.8873070013351394,0.16728526490396,2540.183317575605,-82.69999999982181
5.635,2.15816188,1.993262309430773,0.8626168149389278,0.1648995705692271,195.39871673831462,-78.54000000006982
5.64,2.15963984,1.9967794863320327,0.8324537027078333,0.16286035366796736,1172.392300419147,-75.90999999903275
5.6450000000000005,2.16106359,2.000101264516557,0.8050501509699798,0.16096232548344291,-976.9935836844498,-69.90999999915906
5.65,2.16242361,2.004400036284763,0.7758569618396589,0.15802357371523668,-2149.385884101392,-60.12000000085803
5.655,2.16371166,2.007917213186023,0.7511022245606078,0.15579444681397714,781.594866947476,-49.68000000104877
5.66,2.164921,2.011238991370546,0.7320323198194293,0.15368200862945391,1367.791017155242,-40.289999999460406
5.665,2.16604597,2.0145607695550702,0.7051528089526419,0.15148520044492964,-8.526512829121384e-10,-42.54999999915498
5.67,2.16708233,2.01807794645633,0.6927801874574478,0.14900438354366985,390.7974334728847,-79.47000000087093
5.675,2.16802623,2.0213997246408537,0.6510591599510096,0.14662650535914645,781.5948669469076,-148.54000000037297
5.68,2.16886505,2.0249169015421136,0.5548846553691337,0.1439481484578864,-781.5948669447272,-201.80999999888417
5.6850000000000005,2.16957297,2.0288248758768472,0.4678427037790113,0.1407480941231527,-1563.189733893607,-196.42000000037422
5.69,2.17012062,2.032537451494844,0.4115153245251378,0.13758316850515584,781.5948669458588,-141.63000000086947
5.695,2.17048438,2.036054628396104,0.372773567203892,0.13442975160389592,1953.9871673681223,-89.81999999889854
5.7,2.17065262,2.0393764065806272,0.3782471372208051,0.13127621341937257,-1367.791017156663,-67.96999999949401
5.705,2.17061883,2.043870577065571,0.305460128537018,0.12674825293442904,-976.9935836854822,-38.29000000138342
5.71,2.17037123,2.047387753966831,0.2859257462478412,0.12298347603316939,2149.3858841027177,13.969999999972742
5.715,2.16990835,2.050904930868091,0.2958152456316905,0.11900341913190893,-781.5948669444093,50.45000000144705
5.72,2.16923816,2.05559450006977,0.2380660052071667,0.11364365993022973,-2540.183317576018,66.2199999994292
5.7250000000000005,2.16836691,2.059307075687768,0.2474533060421769,0.10905983431223198,1563.1897338930867,83.25999999890189
5.73,2.16730386,2.063215050022501,0.196671162221718,0.10408880997749925,2930.9807510505934,102.68000000046493
5.735,2.16606073,2.0665368282070244,0.2081638443308117,0.09952390179297543,-2149.385884104142,122.6699999998059
5.74,2.16465159,2.0718125935589145,0.1543324140806006,0.09283899644108562,-2930.9807510507667,142.8600000002748
5.745,2.16309249,2.0755251691769114,0.1649522589677877,0.08756732082308849,976.9935836837783,150.71000000091885
5.75,2.16140402,2.079237744794908,0.1452243627633996,0.08216627520509201,586.1961502097554,148.1499999991409
5.755,2.15960505,2.0833411178463783,0.1049306857842339,0.07626393215362182,1563.189733892681,155.77999999977317
5.76,2.15771186,2.086467497314165,0.1181572690810032,0.07124436268583523,781.5948669462056,168.01000000130634
5.765,2.15574656,2.0905708703656347,0.0994052035502017,0.06517568963436515,-3126.3794677849687,167.15999999975057
5.7700000000000005,2.15373089,2.0950650408505784,0.0797325622720883,0.05866584914942141,390.79743347687634,155.169999999013
5.775,2.15168503,2.097996021601628,0.0844297377617591,0.053689008398372096,2735.582034312213,138.47999999994596
5.78,2.14962827,2.101903995936362,0.0483171869334485,0.047724274063638106,-1758.588450632107,127.80999999990203
5.785,2.14757563,2.106007368987832,0.0333697157956348,0.04156826101216815,-2540.18331757532,129.42999999979241
5.79,2.14554248,2.1097199446058283,0.0309467385868137,0.035822535394171684,781.5948669457707,132.73000000027082
5.795,2.14354617,2.1128463240736157,0.0210798333225618,0.030699845926384306,2344.7846008378833,135.34000000163863
5.8,2.14160295,2.115972703541402,0.0200096399959053,0.025630246458597572,586.1961502107645,145.51000000065125
5.805,2.13972938,2.1192944817259254,0.0268832726994544,0.02043489827407452,-2149.3858841012025,153.039999997549
5.8100000000000005,2.13794502,2.1230070573439224,0.0490406352244883,0.014937962656077719,-390.79743347166914,133.909999999305
5.815,2.13627077,2.125938038094972,0.0544713749897668,0.010332731905027703,3517.176901259651,89.62000000114165
5.82,2.13472173,2.1286736201292857,0.0274730034038522,0.006048109870714136,781.5948669454879,53.22999999947558
5.825,2.13330425,2.1323861957472823,0.0035881115456711,0.0009180542527178481,-4298.771768207144,40.5900000006925
5.83,2.1320227,2.1364895687987526,-0.0003636267957479,-0.004466868798752799,-1563.1897338929653,31.830000000924088
5.835,2.13088305,2.1394205495498024,-0.0081947111612198,-0.00853749954980243,2930.9807510499127,18.009999998583567
5.84,2.12988852,2.142156131584116,-0.0315096182520786,-0.012267611584115823,586.19615020943,15.929999999802362
5.845,2.129039,2.145477909768639,-0.0352633739767538,-0.016438909768639043,-2735.582034312628,21.620000001351173
5.8500000000000005,2.1283372,2.148604289236426,-0.0185497143500193,-0.020267089236426283,-1172.3923004181652,7.1699999998538715
5.855,2.12778803,2.1511444725540025,-0.0275338505390885,-0.023356442554002488,1758.5884506300144,-27.080000000926475
5.86,2.12739036,2.1530984597213694,-0.0553881239494546,-0.025708099721369226,1953.987167364998,-52.929999999948905
5.865,2.12713731,2.155247845605473,-0.0593658482577161,-0.02811053560547272,-195.39871673630094,-59.21000000001004
5.87,2.12702092,2.157397231489576,-0.0844904358271989,-0.03037631148957587,-1563.189733892112,-59.05000000012956
5.875,2.12703391,2.159742016090416,-0.07090249182278,-0.03270810609041597,-195.39871673772126,-65.64999999909844
5.88,2.12716967,2.1613052058243096,-0.0959719513447359,-0.03413553582430984,781.594866945203,-74.9600000000359
5.885,2.12741878,2.1630637942749398,-0.1007356093826358,-0.0356450142749396,8.690221875440329e-10,-77.93000000052547
5.89,2.12777096,2.164626984008833,-0.1067009062974599,-0.03685602400883292,1.1019096746167634e-09,-78.1399999999918
5.8950000000000005,2.12821696,2.1659947750259896,-0.1130456883890579,-0.037777815025989536,-195.3987167369728,-80.68000000005298
5.9,2.12874686,2.1673625660431464,-0.1199794597756094,-0.038615706043146236,-586.1961502092207,-84.2799999994939
5.905,2.12935031,2.168534958343566,-0.1265822829348909,-0.03918464834356605,195.3987167363009,-87.79000000032877
5.91,2.13001669,2.169316553210513,-0.1316915088037605,-0.03929986321051304,195.39871673459527,-87.75000000042976
5.915,2.13073455,2.17009814807746,-0.1457944354341104,-0.039363598077459816,-195.3987167363009,-81.26999999945279
5.92,2.13149266,2.17068434422767,-0.1382522049628732,-0.03919168422766983,390.7974334751596,-74.86000000028862
5.925,2.13228193,2.170879742944406,-0.1405388580949377,-0.03859781294440623,195.39871673667176,-74.51000000032016
5.93,2.1330935,2.17127054037788,-0.1438806846926089,-0.038177040377879834,-195.3987167370841,-74.73999999916798
5.9350000000000005,2.13391759,2.17127054037788,-0.1500135221754913,-0.03735295037788022,-8.674305718159303e-11,-69.1700000001513
5.94,2.1347447,2.17127054037788,-0.148346476023743,-0.03652584037787987,195.3987167345088,-60.04000000075237
5.945,2.13556679,2.171075141661144,-0.1459821611972688,-0.035508351661143855,390.7974334728859,-52.059999999587575
5.95,2.13637709,2.17068434422767,-0.1426165352820816,-0.034307254227670114,-195.39871673317447,-45.93999999940665
5.955,2.13716949,2.170488945510933,-0.1401954031690596,-0.03331945551093307,-390.7974334726016,-40.349999999877326
5.96,2.13793861,2.169902749360723,-0.1360531809115042,-0.03196413936072284,-195.39871673857442,-34.730000000708145
5.965,2.13867975,2.169316553210513,-0.132138550637884,-0.030636803210513097,195.3987167373333,-29.010000000925274
5.97,2.13938891,2.168534958343566,-0.1271081604735769,-0.029146048343565933,976.9935836827518,-23.49999999948794
5.9750000000000005,2.14006284,2.1673625660431464,-0.1192441746485674,-0.027299726043146233,-195.39871673898,-18.59999999881066
5.98,2.14069898,2.1667763698929363,-0.1156748477837457,-0.02607738989293651,-586.1961502088506,-14.040000000092817
5.985,2.14129526,2.165603977592516,-0.1083444020650256,-0.02430871759251607,976.9935836849149,-9.450000000584083
5.99,2.14185022,2.164431585292096,-0.1012351221533216,-0.02258136529209631,-8.526512829121202e-10,-4.950000000008089
5.995,2.14236297,2.163454591708413,-0.0949551764673944,-0.021091621708412944,-976.9935836840623,-0.8199999999192471
6.0,2.14283318,2.1624775981247297,-0.0880737842491208,-0.019644418124729945,781.5948669471925,2.4199999998585895
6.005,2.14326102,2.1609144083908363,-0.0793741603443576,-0.017653388390836078,976.9935836840966,3.0999999998619217
6.01,2.14364704,2.159937414807153,-0.0722025716459217,-0.016290374807153007,-390.79743347306584,-0.18999999978927917
6.015000000000001,2.14399183,2.1587650225067327,-0.0699089334116302,-0.014773192506732702,-586.1961502102715,-4.64999999992753
6.0200000000000005,2.1442949,2.1577880289230493,-0.0735796832223933,-0.013493128923049547,-390.79743347402257,-7.510000000096596
6.025,2.14455521,2.1566156366226297,-0.0675297465429601,-0.012060426622629628,-390.79743347345413,-16.3299999996988
6.03,2.14477211,2.1554432443222096,-0.0703681554829318,-0.010671134322209674,2.838191903720144e-10,-40.24000000015519
6.035,2.14494365,2.154075453305053,-0.0782204592081628,-0.0091318033050527,781.594866946056,-69.57000000057013
6.04,2.14506234,2.1525122635711598,-0.1236967474255563,-0.007449923571159811,390.79743347402297,-92.97000000004061
6.045,2.14511691,2.1511444725540025,-0.1206024316351389,-0.006027562554002497,-586.1961502086186,-117.0099999996005
6.05,2.14509602,2.149776681536846,-0.1667786183646906,-0.004680661536846209,-586.1961502108053,-138.86999999950206
6.055,2.14498202,2.1482134918029527,-0.2160213478193494,-0.00323147180295269,-195.39871673822046,-153.6700000002137
6.0600000000000005,2.14475614,2.1466503020690597,-0.2056623215506963,-0.0018941620690595684,390.79743347368714,-155.7300000002142
6.065,2.14440011,2.1446963149016924,-0.2770545238148446,-0.00029620490169257607,195.39871673763463,-94.37999999964632
6.07,2.14388903,2.1429377264510627,-0.2800764012069393,0.0009513035489372434,-586.1961502100404,47.82999999946685
6.075,2.14321545,2.140983739283696,-0.2732356622672678,0.002231710716304125,-586.1961502100389,195.25999999900415
6.08,2.14240031,2.1388343533995924,-0.2139930300372396,0.003565956600407816,195.3987167360175,293.9000000012138
6.085,2.14147587,2.1364895687987526,-0.100421038838747,0.004986301201247212,1563.1897338938165,335.93000000168183
6.09,2.14048524,2.133753986764439,0.0414724507708528,0.006731253235560786,1953.9871673679675,306.00999999876365
6.095,2.13947527,2.131409202163599,0.0894358754821657,0.008066067836401292,195.39871673546634,226.3399999983933
6.1000000000000005,2.13847975,2.129259816279496,0.1213371884952059,0.009219933720504336,-1758.5884506310467,157.8399999999668
6.105,2.13751966,2.1276966265456023,0.1216447365524168,0.009823033454397834,-586.1961502092637,130.97000000130942
6.11,2.13661018,2.125547240661499,0.1478371365820752,0.01106293933850111,1367.7910171566637,132.67000000127496
6.115,2.13576688,2.1235932534941324,0.1811936142170163,0.012173626505867396,586.1961502106088,137.87999999892133
6.12,2.1350075,2.1220300637602385,0.2127765140661351,0.012977436239761442,195.39871673743824,130.94999999879627
6.125,2.1343496,2.120466874026345,0.2429257769976765,0.013882725973655141,195.3987167360159,107.030000000923
6.13,2.13380959,2.1192944817259254,0.2691247126637195,0.014515108274074429,-781.5948669460911,78.24000000051467
6.135,2.13339877,2.118512886858978,0.2574433495707942,0.014885883141021683,-195.398716736741,72.38999999907958
6.140000000000001,2.13312348,2.1175358932752952,0.2871362191935315,0.015587586724704838,586.1961502085665,91.78999999993835
6.1450000000000005,2.13299263,2.1169496971250856,0.3109448692316455,0.016042932874914317,195.39871673686923,94.28000000047564
6.15,2.13302156,2.116558899691612,0.3630123726446144,0.016462660308388166,-2.842170943040401e-10,57.01999999985469
6.155,2.13322297,2.116363500974876,0.3357765721403173,0.016859469025123808,-390.79743347345425,18.46000000028971
6.16,2.13359811,2.116558899691612,0.3498247549074789,0.017039210308388064,-195.39871673516416,3.7900000006629853
6.165,2.13414681,2.116754298408349,0.3608530192320887,0.017392511591650894,195.39871673658502,-16.910000000508262
6.17,2.13487159,2.117145095841822,0.3680530738956395,0.017726494158178063,-195.3987167382902,-50.61000000125853
6.175,2.13576794,2.117926690708769,0.3384659236441852,0.017841249291230987,195.39871673646348,-67.67999999999313
6.18,2.13682509,2.118512886858978,0.3517262790637127,0.018312203141021666,1.1191332305315882e-09,-74.7599999985988
6.1850000000000005,2.13803575,2.1196852791593987,0.3563478228090249,0.01835047084060104,-390.79743347237604,-91.96999999909713
6.19,2.13939093,2.1208576714598184,0.3252201180235646,0.018533258540181397,781.5948669470647,-98.15000000111837
6.195,2.14087548,2.1220300637602385,0.331780160552846,0.018845416239761548,-195.39871673715317,-82.40000000143112
6.2,2.14247714,2.1237886522108687,0.3292814698687514,0.018688487789131347,-1172.392300420931,-77.76999999947827
6.205,2.14418898,2.1257426393782355,0.3452395773603647,0.018446340621764534,976.9935836823565,-99.89999999874505
6.21,2.14600132,2.1271104303953923,0.3054669223689728,0.018890889604607608,195.39871673772203,-127.03999999985729
6.215,2.14789848,2.1296506137129687,0.3114551652857115,0.018247866287031123,-1563.189733891346,-145.39000000100327
6.22,2.14986357,2.131799999597072,0.267895936426185,0.018063570402928164,976.9935836816558,-153.01000000023092
6.2250000000000005,2.15187694,2.133949385481176,0.2507347101861167,0.017927554518823996,1172.392300417156,-148.04999999965287
6.23,2.1539185,2.136294170082016,0.2297842538476993,0.017624329917984127,-2344.784600839072,-142.6500000002209
6.235,2.15597135,2.139615948266539,0.2110402315229632,0.01635540173346106,-1367.79101715439,-147.16999999905653
6.24,2.15801806,2.141765334150642,0.1734965442020323,0.016252725849357663,976.9935836820723,-151.29999999942962
6.245,2.16003906,2.1443055174682195,0.1459408739163618,0.015733542531780387,-8.519123184669297e-10,-145.39000000127754
6.25,2.16201508,2.146845700785796,0.1168960697993033,0.015169379214204248,586.1961502108916,-134.06000000089267
6.255,2.16392877,2.148995086669899,0.0933545374829808,0.014933683330101033,586.1961502087742,-122.69999999969178
6.26,2.16576417,2.1515352699874764,0.0662538608076135,0.014228900012523749,-1563.1897338920658,-115.91999999918289
6.265000000000001,2.16750642,2.154270852021789,0.0373163271462369,0.013235567978211016,195.3987167388515,-162.14999999963732
6.2700000000000005,2.16914263,2.156420237905893,0.0232142979144272,0.012722392094107082,1953.9871673655139,-349.0500000001383
6.275,2.17065609,2.158569623789996,-0.0690883535122612,0.012086466210003977,-1563.1897338941008,-634.0500000004841
6.28,2.17198831,2.161696003257783,-0.3031243719732885,0.01029230674221715,-2930.98075105048,-810.2700000000938
6.285,2.17302873,2.1638453891418865,-0.1900322771491458,0.009183340858113453,-195.39871673715356,-812.3899999992891
6.29,2.17366716,2.165799376309253,-0.2409824710982721,0.007867783690747032,781.5948669477605,-777.0500000004056
6.295,2.17381407,2.1671671673264097,-0.2944965938279535,0.006646902673590471,-390.7974334717492,-701.9900000009059
6.3,2.17336679,2.168534958343566,-0.4177803691832434,0.0048318316564341934,-781.5948669476568,-501.7999999995877
6.305,2.17223506,2.169316553210513,-0.3722631774096801,0.0029185067894870187,195.3987167348971,-315.0999999994301
6.3100000000000005,2.17038521,2.16951195192725,-0.4206967836995333,0.0008732580727501826,6.091340765124187e-10,-271.62999999970316
6.315,2.1677899,2.16951195192725,-0.4663409375364927,-0.0017220519272500567,-586.1961502098943,-263.79000000046517
6.32,2.16440732,2.16892575577704,-0.5070175790876427,-0.004518435777039809,586.1961502086187,-200.8900000009894
6.325,2.16020696,2.16775336347662,-0.5438074709856777,-0.007546403476620167,390.7974334743071,-141.40999999967153
6.33,2.15516933,2.1661901737427263,-0.5790291024149182,-0.01102084374272616,-1172.3923004186577,-160.14999999953898
6.335,2.14928535,2.164626984008833,-0.6147600119526364,-0.015341634008832816,976.9935836832099,-167.36999999864884
6.34,2.14252983,2.161696003257783,-0.7306239107656682,-0.019166173257783026,1953.9871673675661,42.74000000151955
6.345,2.13486492,2.158960421223469,-0.7386406768003495,-0.02409550122346893,-1172.3923004206604,380.4499999972486
6.3500000000000005,2.12632145,2.156420237905893,-0.6694854738457258,-0.030098787905893154,-195.39871673811672,533.1899999972911
6.355,2.11698841,2.152707662287896,-0.7138685651415317,-0.035719252287896186,1563.1897338930748,500.1300000012002
6.36,2.10692464,2.149190485386636,-0.7589417599688234,-0.04226584538663625,195.39871673743926,439.66000000155645
6.365,2.09618901,2.145673308485376,-0.716412257128312,-0.049484298485376055,1172.39230042292,382.2699999997976
6.37,2.08483953,2.141569935433905,-0.8711736880533814,-0.05673040543390506,1172.3923004197923,380.40999999937776
6.375,2.07290638,2.1380527585326456,-0.8234902015486245,-0.0651463785326456,-1367.7910171589353,424.8900000030321
6.38,2.06044839,2.1347309803481225,-0.8929240026340435,-0.07428259034812257,-2344.7846008375523,429.4300000027879
6.385,2.04752093,2.131018404730125,-0.95745331368692,-0.08349747473012492,-2.687556843739003e-10,346.1499999944781
6.390000000000001,2.03417611,2.127305829112129,-0.9300402420744568,-0.09312971911212875,2735.5820343091295,161.59999999485694
6.3950000000000005,2.02046209,2.122225462476976,-1.0994092532535236,-0.10176337247697598,390.7974334733053,57.68000000316101
6.4,2.00636884,2.1192944817259254,-1.1569384390904185,-0.11292564172592545,586.1961502125961,242.910000003189
6.405,1.99189146,2.1144095138075087,-1.2065573994031062,-0.1225180538075088,1953.987167367271,563.2499999996134
6.41,1.97708426,2.111087735622985,-1.174388987329732,-0.1340034756229851,-2149.385884105277,664.8999999993379
6.415,1.96205195,2.1081567548719358,-1.1714444736550134,-0.14610480487193578,-2735.58203431361,441.18000000027365
6.42,1.94688562,2.104639577970675,-1.2769850509654672,-0.15775395797067504,2.84353518509306e-09,138.52000000270272
6.425,1.93160846,2.1013177997861514,-1.3706329339024623,-0.16970933978615133,1758.5884506296243,22.53000000255315
6.43,1.9162141,2.097214426734682,-1.4500734811835292,-0.18100032673468203,976.9935836809174,120.2899999953147
6.4350000000000005,1.90069951,2.0938926485501583,-1.5258826976164936,-0.1931931385501584,-1172.39230042012,285.50999999478654
6.44,1.88509223,2.0905708703656347,-1.506680113553452,-0.2054786403656348,-390.7974334726431,340.37000000179927
6.445,1.86944539,2.086858294747638,-1.5976874200588904,-0.21741290474763808,-195.39871673573106,220.4000000020348
6.45,1.85380552,2.0835365165631146,-1.592185078353499,-0.22973099656311446,5.684341886080922e-10,88.78000000038544
6.455,1.83818647,2.079823940945118,-1.7788716573745906,-0.24163747094511812,781.5948669463392,162.17000000041028
6.46,1.82257437,2.075915966610385,-1.7515816188533433,-0.2533415966103847,-390.7974334734531,302.8800000027055
6.465,1.80701153,2.072789587142598,-1.751452225189981,-0.26577805714259783,195.39871673591156,208.59000000311758
6.47,1.79156095,2.0684908153743917,-1.84899272973362,-0.2769298653743917,-390.7974334738501,-30.680000004987335
6.4750000000000005,1.77622345,2.0653644359066043,-1.938355003755566,-0.2891409859066043,-1563.189733892581,-128.10000000623114
6.48,1.76097385,2.061456461571871,-2.013483150506246,-0.30048261157187106,1367.7910171580088,-29.109999998087858
6.485,1.74579155,2.057157689803664,-2.079454176642222,-0.311366139803664,1172.3923004200778,79.83000000366076
6.49,1.73068497,2.053249715468931,-2.0593131756945007,-0.3225647454689309,-2149.3858841047104,-30.599999999481724
6.495,1.71568672,2.0495371398509343,-2.1439619191084507,-0.3338504198509342,-195.39871673686937,-249.75000000098896
6.5,1.70077414,2.045042969365991,-2.297351280842729,-0.344268829365991,2344.784600841864,-233.48999999741338
6.505,1.68587836,2.0403534001643107,-2.336985673866694,-0.35447504016431064,195.3987167377206,-67.62999999665597
6.51,1.67099161,2.036640824546314,-2.302115453909629,-0.36564921454631416,-781.5948669486822,-99.53000000534672
6.515000000000001,1.65613298,2.0319512553446337,-2.450517142804989,-0.37581827534463375,195.3987167348986,-248.37000000530756
6.5200000000000005,1.64126975,2.028238679726637,-2.4942263437154057,-0.3869689297266372,1367.7910171575143,-199.0999999975415
6.525,1.62635105,2.023549110524957,-2.615139961231245,-0.39719806052495676,1367.7910171583683,64.15000000231568
6.53,1.61136019,2.020031933623697,-2.5614582847962324,-0.40867174362369685,-2149.3858841027177,285.5700000003655
6.535,1.59633347,2.0165147567224366,-2.6185709891731634,-0.4201812867224366,-3517.1769012613718,254.22999999990992
6.54,1.58132708,2.0133883772546506,-2.5986732544607394,-0.4320612972546505,976.9935836820716,59.259999999876655
6.545,1.56636581,2.00869880805297,-2.7486516293350296,-0.4423329980529702,3712.5756179976725,12.380000003128345
6.55,1.55142465,2.004790833718237,-2.794157302130922,-0.453366183718237,1172.392300421413,161.88000000252947
6.555,1.53650733,2.00107825810024,-2.765222654223342,-0.4645709281002399,-1758.5884506308494,218.21999999442932
6.5600000000000005,1.52166528,1.9979518786324533,-2.8379972888405742,-0.4762865986324534,-2149.3858841040437,123.04999999488331
6.565,1.50691991,1.9948254991646663,-2.904889924902002,-0.4879055891646664,-1367.7910171561698,106.55000000273503
6.57,1.49226719,1.9911129235466696,-2.964065613930832,-0.4988457335466696,-586.1961502106066,181.26000000251383
6.575,1.4777266,1.9877911453621464,-2.9491357243867062,-0.5100645453621464,976.9935836849138,153.85999999978475
6.58,1.46333693,1.982906177443729,-3.0176970950376747,-0.519569247443729,1172.392300421499,39.589999999805855
6.585,1.44910866,1.9793890005424692,-3.084999200002918,-0.5302803405424692,1563.18973389126,28.010000002610127
6.59,1.43502836,1.9743086339073164,-3.1382065629437217,-0.5392802739073164,1367.7910171561998,83.7200000028663
6.595,1.42110568,1.970791457006056,-3.124674514363268,-0.5496857770060561,-976.993583682364,3.689999995185076
6.6000000000000005,1.40736949,1.9668834826713224,-3.1961520011435893,-0.5595139926713224,-1367.7910171568267,-128.63000000515206
6.605,1.39380138,1.9633663057700623,-3.3294972157148166,-0.5695649257700623,-390.79743347290315,-72.94999999765696
6.61,1.38036401,1.9596537301520656,-3.2991829147346685,-0.5792897201520655,1172.3923004200778,99.12000000270132
6.615,1.36706713,1.9557457558173323,-3.356298532113757,-0.5886786258173324,195.39871673601672,159.5500000002039
6.62,1.35393897,1.9522285789160725,-3.3443439160449024,-0.5982896089160725,-3712.575617996252,45.42999999984647
6.625,1.34100205,1.9491021994482856,-3.416653341417042,-0.6081001494482856,-1172.3923004192266,-150.789999997878
6.63,1.32825392,1.944803427680079,-3.4745946916126607,-0.6165495076800789,4689.569201679504,-234.4699999978211
6.635,1.31565157,1.9397230610449256,-3.586971602500512,-0.6240714910449257,2735.5820343120113,-104.86000000474468
6.640000000000001,1.30315807,1.9362058841436656,-3.554073920546834,-0.6330478141436655,-2540.1833175765873,64.23999999559828
6.6450000000000005,1.29078122,1.932297909808932,-3.6046170810766656,-0.641516689808932,-3517.1769012579684,49.44000000240396
6.65,1.27854656,1.9291715303411447,-3.5918886178211813,-0.6506249703411446,-5.684341886080801e-10,-119.04999999786384
6.655,1.26645524,1.9242865624227288,-3.713226235916819,-0.6578313224227288,3321.77818452223,-239.159999999722
6.66,1.25446883,1.9201831893712584,-3.748865277436464,-0.6657143593712584,1758.5884506309715,-238.95999999994552
6.665,1.24255458,1.9156890188863152,-3.781702895628094,-0.6731344388863152,-1367.7910171563801,-140.93000000031864
6.67,1.23068572,1.9125626394185284,-3.8828482978188616,-0.6818769194185283,-781.5948669466261,72.42000000204467
6.675,1.21884028,1.9082638676503216,-3.8373596539670416,-0.6894235876503216,-195.39871673575666,250.7700000021995
6.68,1.2070563,1.9049420894657985,-3.8198220122045674,-0.6978857894657984,-1563.1897338942863,194.1899999959801
6.6850000000000005,1.19538476,1.9012295138478013,-3.877923588555535,-0.7058447538478012,-1.902463964142953e-09,15.089999995753146
6.69,1.18383134,1.897126140796332,-3.92731020568578,-0.713294800796332,2149.385884105104,-61.90999999826789
6.695,1.17238221,1.8930227677448608,-3.971242067354316,-0.7206405577448607,1172.3923004223516,1.0900000019376535
6.7,1.16102593,1.889114793410128,-4.012186593671062,-0.7280888634101279,-781.5948669480473,89.84000000041209
6.705,1.14977072,1.8857930152256044,-3.995283798648348,-0.7360222952256044,-2344.784600841577,58.32000000026892
6.71,1.13864116,1.882080439607608,-4.049323021824471,-0.7434392796076081,-2149.385884103002,-107.4199999982335
6.715,1.12764013,1.8787586614230845,-4.098795144652324,-0.7511185314230844,781.5948669474234,-244.42999999808376
6.72,1.11673535,1.8736782947879311,-4.190375378679052,-0.7569429447879312,2540.1833175768884,-219.13000000383383
6.7250000000000005,1.10588302,1.8697703204531972,-4.211708620963406,-0.7638873004531972,3126.379467786696,-77.21000000398408
6.73,1.09506407,1.864689953818044,-4.229516378033763,-0.7696258838180439,1172.3923004194567,74.02000000171697
6.735,1.08428026,1.861368175633521,-4.258123907383594,-0.7770879156335209,-3712.5756179973887,164.660000001934
6.74,1.07355011,1.858241796165734,-4.2352475499920414,-0.784691686165734,-2930.9807510507635,155.4000000003048
6.745,1.06290587,1.8547246192644744,-4.28131959769025,-0.7918187492644744,195.39871673658365,95.78000000019449
6.75,1.05235813,1.850621246213004,-4.320445576125222,-0.798263116213004,-390.7974334706139,13.010000001969786
6.755,1.04191525,1.8469086705950069,-4.305188210106088,-0.8049934205950069,1953.9871673673024,-135.84999999808934
6.76,1.03158391,1.8420237026765904,-4.402762170811399,-0.8104397926765905,3907.9743347300096,-196.8200000043066
6.765000000000001,1.02132141,1.837529532191647,-4.480270829063551,-0.8162081221916468,-976.9935836843808,-8.67000000421882
6.7700000000000005,1.0110916,1.83440315272386,-4.445033152328777,-0.8233115527238599,-5471.164068625669,166.64000000249712
6.775,1.00092753,1.8304951783891268,-4.425683268663778,-0.8295676483891268,-2540.183317576174,15.040000002389661
6.78,0.99087253,1.82678260277113,-4.473171575272928,-0.83591007277113,5471.164068627506,-269.120000000396
6.785,0.98090025,1.82033444511882,-4.603533112043599,-0.8394341951188199,4884.967918415763,-288.34000000019034
6.79,0.97094174,1.8166218695008236,-4.61156217726302,-0.8456801295008236,-1953.987167367271,-38.65999999988301
6.795,0.96097045,1.8125184964493533,-4.623170426311106,-0.8515480464493532,-2149.3858841018664,172.02000000168678
6.8,0.95101089,1.8088059208313565,-4.591422922138333,-0.8577950308313564,195.39871673749604,194.27000000176082
6.805,0.94109947,1.80509334521336,-4.627233379740357,-0.8639938752133599,-195.39871673780965,148.81999999656534
6.8100000000000005,0.931252,1.801185370878626,-4.659936428970696,-0.8699333708786261,-1953.9871673684315,138.4999999963779
6.815,0.92148158,1.7982543901275765,-4.646683159200826,-0.8767728101275765,195.3987167371479,99.45000000174889
6.82,0.91181389,1.793564820925896,-4.686357383402101,-0.8817509309258961,1563.1897338949534,7.170000002077074
6.825,0.90225528,1.790047644024636,-4.72626968320573,-0.887792364024636,-976.9935836834942,-54.93000000001422
6.83,0.89279601,1.7861396696899028,-4.759873242519994,-0.8933436596899028,195.3987167354483,-47.76000000021372
6.835,0.88342774,1.7820362966384329,-4.789314826253864,-0.8986085566384329,2149.385884104709,29.37000000145025
6.84,0.87414343,1.7779329235869623,-4.816328582397585,-0.9037894935869623,390.7974334749452,148.96000000144653
6.845,0.8649512,1.7744157466857025,-4.798579169462604,-0.9094645466857024,-1172.392300421378,191.09999999708032
6.8500000000000005,0.85588552,1.771093968501179,-4.794180879949251,-0.9152084485011791,-781.5948669474083,84.79999999697026
6.855,0.84697462,1.7675767915999188,-4.843236627130793,-0.9206021715999188,-390.7974334737558,-47.30999999859864
6.86,0.83821338,1.7644504121321325,-4.886260220810495,-0.9262370321321325,390.7974334731703,-61.55999999834444
6.865,0.8295828,1.7607378365141355,-4.920180428301854,-0.9311550365141356,1.1368683772161603e-09,9.200000000223213
6.87,0.8210797,1.7576114570463488,-4.9085627042381335,-0.9365317570463488,-1172.3923004197936,54.52999999989288
6.875,0.81271418,1.7542896788618254,-4.949867329186043,-0.9415754988618255,-1172.3923004197936,25.050000001269723
6.88,0.80449368,1.7505771032438289,-4.939953583713489,-0.9460834232438289,-976.9935836828761,-90.77999999849925
6.885,0.79642329,1.7470599263425688,-4.982221655263071,-0.9506366363425688,781.5948669450115,-237.31000000298718
6.890000000000001,0.78848037,1.742174958424152,-5.053085379150023,-0.9536945884241519,1758.5884506286707,-303.3200000030911
6.8950000000000005,0.78061935,1.7380715853726818,-5.067259355774109,-0.9574522353726818,2149.3858841042697,-250.82999999835033
6.9,0.77280246,1.7331866174542652,-5.118526709124211,-0.9603841574542652,1953.987167367271,-104.00999999803498
6.905,0.76499904,1.729083244402795,-5.1203395662826,-0.9640842044027951,-1367.7910171569488,68.34999999995408
6.91,0.75720912,1.7257614662182716,-5.089496403694009,-0.9685523462182717,-2344.7846008401557,161.46999999933547
6.915,0.74945835,1.722048890600275,-5.111542144536218,-0.972590540600275,-390.7974334728861,151.11000000005143
6.92,0.7417687,1.7185317136990148,-5.093743927629572,-0.9767630136990149,390.7974334737373,80.67000000182136
6.925,0.73415875,1.7146237393642816,-5.12342118367573,-0.9804649893642816,195.39871673658516,-2.0499999986839725
6.93,0.72663231,1.7111065624630215,-5.15054897457539,-0.9844742524630216,390.79743347253185,-46.57000000281488
6.9350000000000005,0.71918091,1.7071985881282878,-5.1719209761214735,-0.9880176781282879,781.5948669459856,-25.270000002818847
6.94,0.7117979,1.7036814112270278,-5.192598105158431,-0.9918835112270278,-586.1961502092197,70.17000000121396
6.945,0.70447826,1.7001642343257677,-5.211280471295318,-0.9956859743257677,-2930.9807510499113,170.36000000133038
6.95,0.6972402,1.6970378548579812,-5.231820167921636,-0.9997976548579812,-1953.9871673675582,131.98000000031976
6.955,0.69012097,1.692934481806511,-5.245434237845233,-1.0028135118065111,2735.5820343133273,-31.629999999723395
6.96,0.68312957,1.6882449126048311,-5.254620250322734,-1.0051153426048312,3907.9743347351136,-135.26999999897674
6.965,0.67624102,1.6835553434031507,-5.29679014922297,-1.0073143234031507,-586.196150208978,-122.23999999906403
6.97,0.66943438,1.6800381665018909,-5.265820886737791,-1.0106037865018909,-1563.18973389579,-87.52000000245218
6.9750000000000005,0.66270314,1.6759347934504207,-5.31103788090555,-1.0132316534504207,976.99358368245,-40.04000000219244
6.98,0.65603239,1.6718314203989504,-5.312324748954894,-1.0157990303989504,1.4793499758525286e-09,47.66000000099197
6.985,0.64941981,1.668509642214427,-5.343073270333732,-1.0190898322144268,-390.79743347345595,109.63000000103824
6.99,0.64288356,1.6646016678796938,-5.349465736302841,-1.0217181078796937,-781.5948669471932,100.91000000038338
6.995,0.63643869,1.6612798896951704,-5.420131691960454,-1.0248411996951705,-1953.987167366417,44.650000000033685
7.0,0.63009752,1.657958111510647,-5.424502725403383,-1.0278605915106471,1563.189733893248,-12.649999999040347
7.005,0.62386069,1.6534639410257037,-5.424135309628187,-1.0296032510257036,1563.1897338938961,-23.77999999868814
7.01,0.61771892,1.6499467641244434,-5.431506702625818,-1.0322278441244435,-1563.1897338925296,-13.690000002346437
7.015000000000001,0.61167316,1.64662498593992,-5.478636527567232,-1.03495182593992,976.9935836834934,-23.430000002557108
7.0200000000000005,0.60572398,1.6421308154549763,-5.430175505532247,-1.0364068354549762,195.39871673543684,-23.4599999985752
7.025,0.59986241,1.6391998347039267,-5.496418303345252,-1.0393374247039269,-3126.379467787633,-22.479999998664823
7.03,0.59408927,1.63548725908593,-5.501791225953061,-1.04139798908593,1.4210854715202004e-09,-64.35000000024894
7.035,0.58840498,1.6313838860344596,-5.505648064714846,-1.0429789060344596,2735.5820343136115,-91.14999999994834
7.04,0.58279231,1.6268897155495166,-5.449823747755331,-1.0440974055495165,976.993583682073,-44.87999999995034
7.045,0.57723652,1.6231771399315198,-5.52623108313479,-1.0459406199315198,-586.1961502080502,3.250000000748855
7.05,0.57174195,1.6190737668800494,-5.531425241669502,-1.0473318168800494,-390.79743347180033,1.00000000086456
7.055,0.56631215,1.6155565899787896,-5.53960075045768,-1.0492444399787897,195.3987167336554,6.099999998147268
7.0600000000000005,0.56094144,1.6114532169273197,-5.545369535275426,-1.0505117769273196,-195.3987167388945,35.059999998331676
7.065,0.55563287,1.608131438742796,-5.568981596912509,-1.0524985687427961,390.79743347462545,34.78000000095636
7.07,0.55039688,1.6042234644080626,-5.575398320943375,-1.0538265844080628,-195.39871673487986,17.210000000816137
7.075,0.54523374,1.6007062875068023,-5.581999072988243,-1.0554725475068023,-2735.5820343127575,18.140000000103782
7.08,0.54014305,1.5977753067557523,-5.591032747483258,-1.0576322567557523,-781.5948669480459,-4.190000000078101
7.085,0.53513197,1.5930857375540726,-5.596267607649203,-1.0579537675540727,2344.7846008393044,-77.08999999920701
7.09,0.53019809,1.589373161936076,-5.6025746523738045,-1.059175071936076,2540.1833175779548,-129.03999999886784
7.095,0.52532337,1.584488194017659,-5.579292279936755,-1.059164824017659,-1.8030732462648302e-10,-85.860000001732
7.1000000000000005,0.52048491,1.5813618145498722,-5.595684624121522,-1.0608769045498723,-1563.1897338941828,5.609999997861337
7.105,0.5156789,1.577453840215139,-5.615229552376743,-1.0617749402151389,195.398716737749,44.6000000008122
7.11,0.51091765,1.573741264597142,-5.62094382211182,-1.062823614597142,-1172.3923004192252,38.06000000125292
7.115,0.50620417,1.5704194864126186,-5.6278345289350815,-1.0642153164126187,-1367.79101715723,39.18000000013191
7.12,0.50154091,1.566706910794622,-5.622856574498994,-1.0651660007946222,2735.5820343130417,32.989999999772834
7.125,0.49693724,1.5622127403096786,-5.628638775896357,-1.0652755003096785,1172.3923004212147,19.510000000693566
7.13,0.49239387,1.5588909621251552,-5.636962583352078,-1.066497092125155,-3126.37946778522,21.85000000094462
7.135,0.4879111,1.5555691839406316,-5.62550503528921,-1.0676580839406316,-1172.3923004222418,3.7999999984133126
7.140000000000001,0.48349604,1.5514658108891617,-5.635589541128395,-1.0679697708891616,1758.5884506272987,-52.080000001789415
7.1450000000000005,0.4791476,1.5473624378376918,-5.640942830685159,-1.0682148378376919,1172.3923004212916,-78.43999999918222
7.15,0.47485122,1.5432590647862214,-5.647660079292224,-1.0684078447862215,-195.3987167354483,-39.48999999906505
7.155,0.47059466,1.5393510904514882,-5.641822155066448,-1.0687564304514883,195.39871673601664,6.7999999999558725
7.16,0.46638097,1.5354431161167548,-5.64516485228991,-1.0690621461167549,1758.5884506298332,24.78000000003729
7.165,0.46221279,1.5313397430652846,-5.646373210105875,-1.0691269530652847,-781.5948669460563,32.30000000009238
7.17,0.45809209,1.528213363597498,-5.6290551153786765,-1.0701212735974979,-4298.771768205439,19.300000000584248
7.175,0.45402677,1.525086984129711,-5.641839319738828,-1.071060214129711,-1367.7910171567341,-17.089999999358355
7.18,0.45001688,1.5207882123615046,-5.645066557796589,-1.0707713323615047,2540.183317574493,-47.010000001335385
7.1850000000000005,0.4460559,1.516294041876561,-5.644874575801339,-1.070238141876561,2540.183317575347,-64.49000000143866
7.19,0.44213825,1.5117998713916176,-5.643013821939958,-1.0696616213916177,1563.1897338940328,-60.089999999332946
7.195,0.43825317,1.5075010996234108,-5.652298197963991,-1.0692479296234108,5.669562597176991e-10,-13.849999999209516
7.2,0.43439171,1.503788524005414,-5.635769884837812,-1.069396814005414,-1367.791017156666,42.77999999999429
7.205,0.43055849,1.5002713471041542,-5.638566657117464,-1.0697128571041543,-1367.7910171560932,59.71999999992887
7.21,0.42676341,1.496754170202894,-5.612800765129038,-1.069990760202894,-976.9935836829229,31.830000000072516
7.215,0.42301464,1.4932369933016338,-5.623374046719854,-1.070222353301634,390.7974334731689,-9.379999999409193
7.22,0.41931307,1.4893290189669006,-5.62797844269994,-1.0700159489669006,586.1961502105142,-32.05999999936108
7.225,0.41565345,1.4854210446321672,-5.629840947844955,-1.0697675946321672,-781.5948669474836,-33.19000000112561
7.23,0.41203131,1.481903867730907,-5.631870953063261,-1.0698725577309072,1172.392300418493,-22.520000001392674
7.235,0.40844286,1.4774096972459638,-5.6279506460753606,-1.0689668372459638,1172.392300421077,-2.479999999410211
7.24,0.40488494,1.4736971216279668,-5.6269778804623485,-1.0688121816279668,-3126.3794677853593,3.5500000007716324
7.245,0.40136035,1.4703753434434434,-5.59808758386719,-1.0690149934434434,-1563.1897338941021,-24.020000000037626
7.25,0.39787148,1.4658811729585002,-5.628088724037782,-1.0680096929585001,3907.974334733407,-41.78999999943987
7.255,0.39440947,1.4611916037568202,-5.619302012589527,-1.0667821337568202,2930.980751050285,-13.119999999924218
7.26,0.39096691,1.4568928319886134,-5.612316444461055,-1.0659259219886135,-1953.9871673678122,16.899999998755632
7.265000000000001,0.38754843,1.4537664525208267,-5.581987430497006,-1.0662180225208266,-2344.7846008386214,10.08000000049121
7.27,0.38415811,1.4496630794693566,-5.611946585570204,-1.0655049694693566,-195.39871673513073,-6.1699999994232115
7.275,0.38079413,1.4461459025680965,-5.579391600810235,-1.0653517725680965,1172.3923004187611,-3.7900000011589015
7.28,0.37745516,1.4418471307998897,-5.605129597985662,-1.0643919707998897,1563.1897338929298,18.2800000001141
7.285,0.3741404,1.4381345551818931,-5.570255132784156,-1.0639941551818932,-976.9935836826414,46.06000000059494
7.29,0.37085427,1.4346173782806328,-5.5725196610839545,-1.063763108280633,-1953.9871673667012,54.16999999987314
7.295,0.36760552,1.4312956000961097,-5.5404296927372725,-1.0636900800961095,1172.3923004197936,31.710000000020216
7.3,0.3644015,1.4269968283279029,-5.545648277657233,-1.0625953283279028,976.9935836837769,-1.1299999993497352
7.305,0.36124366,1.4236750501433797,-5.55078211137781,-1.0624313901433797,-976.9935836825122,-13.77999999947292
7.31,0.35812856,1.4201578732421194,-5.551451275028127,-1.0620293132421195,-586.1961502113326,-0.24000000111627173
7.315,0.35505369,1.416249898907386,-5.547296627917015,-1.0611962089073859,-1367.7910171585484,12.609999998872553
7.32,0.35202167,1.4131235194395992,-5.512952159609256,-1.0611018494395992,390.79743347448056,10.65000000048309
7.325,0.34903537,1.408433950237919,-5.540680818480529,-1.059398580237919,2540.1833175778793,13.210000000683948
7.33,0.34609344,1.4045259759031858,-5.4989251576940825,-1.0584325359031859,390.7974334728861,21.510000000049445
7.335,0.34319935,1.4006180015684524,-5.49441724826026,-1.0574186515684523,-976.9935836837784,18.69999999989642
7.34,0.34035708,1.3969054259504556,-5.486923631335452,-1.0565483459504557,-195.3987167354483,13.740000000482695
7.345,0.33756714,1.3931928503324589,-5.475914302801262,-1.0556257103324589,390.7974334746269,18.870000000440655
7.35,0.33483129,1.3892848759977254,-5.460899096079876,-1.0544535859977255,-195.39871673930583,30.84999999896874
7.355,0.33215248,1.3859630978132025,-5.445777435570972,-1.0538106178132025,-195.39871673849015,48.609999999151
7.36,0.32953494,1.3820551234784686,-5.424021185633182,-1.0525201834784685,195.39871673885747,66.58000000060727
7.365,0.32698622,1.3787333452939452,-5.382933475673058,-1.0517471252939452,-390.7974334720306,72.57000000035077
7.37,0.32451664,1.3750207696759482,-5.362389375882664,-1.0505041296759483,-781.5948669469062,69.34999999995387
7.375,0.32213494,1.3716989914914248,-5.337569291819507,-1.0495640514914248,390.7974334734517,70.08000000049043
7.38,0.31984896,1.3677910171566916,-5.304773199249157,-1.0479420571566915,1367.791017156379,75.46999999994688
7.385,0.31766799,1.3640784415386948,-5.268968344358469,-1.0464104515386947,-1172.3923004206117,93.42999999912917
7.390000000000001,0.31560198,1.3607566633541714,-5.236340400962701,-1.0451546833541714,-2344.784600839451,172.80000000043088
7.395,0.31366084,1.3572394864529114,-5.200448701825085,-1.0435786464529113,1758.588450629204,332.65000000044915
7.4,0.31186913,1.352745315967968,-5.00377425746112,-1.040876185967968,2930.9807510490486,481.0099999992258
7.405,0.31028629,1.3488373416332344,-4.842965992797979,-1.0385510516332344,-781.5948669462653,536.4100000001002
7.41,0.30898306,1.3455155634487113,-4.818022786309583,-1.0365325034487114,-1172.3923004195094,535.5000000005691
7.415,0.30802535,1.3418029878307145,-4.913068763191076,-1.0337776378307146,586.1961502106067,528.9099999999048
7.42,0.30748018,1.3382858109294544,-4.913707636370195,-1.0308056309294544,-195.3987167374378,489.8399999998512
7.425,0.30741352,1.3349640327449313,-4.819865372323936,-1.0275505127449311,-2149.385884104139,389.98999999977286
7.43,0.3078894,1.331642254560408,-4.807513414502247,-1.0237528545604082,-1172.3923004182632,350.80999999964706
7.435,0.30894064,1.3281250776591476,-4.785172457482724,-1.0191844376591477,2930.9807510490373,505.73000000037837
7.44,0.31060071,1.3234355084574676,-4.652358985384837,-1.0128347984574675,1758.5884506272723,719.1300000007063
7.445,0.31295752,1.3201137302729442,-4.536889118401346,-1.007156210272944,-3321.778184522281,815.2700000000482
7.45,0.31611984,1.316596553371684,-4.43093787463677,-1.0004767133716839,-2735.5820343130445,862.6899999997681
7.455,0.32018329,1.312688579036951,-4.331915829791033,-0.9925052890369509,2735.5820343124747,868.9799999998386
7.46,0.32526206,1.307803611118534,-4.120173046933076,-0.982541551118534,4689.569201680884,654.8100000000477
7.465,0.33148064,1.303114041916854,-4.06470339241073,-0.9716334019168541,-976.9935836820731,256.5199999983515
7.47,0.33889635,1.2997922637323305,-4.01426954033234,-0.9608959137323305,-3712.575617996641,-77.64000000198394
7.475,0.34750438,1.296079688114334,-3.960549464356544,-0.948575308114334,976.9935836809668,-303.4399999968264
7.48,0.35727923,1.2915855176293904,-3.900910496551377,-0.9343062876293904,1563.1897338916613,-524.0099999963595
7.485,0.36817687,1.2878729420113937,-3.842522105780486,-0.9196960720113937,-586.1961502091145,-670.3200000013626
7.49,0.38010726,1.284160366393397,-3.8820663971041207,-0.904053106393397,390.7974334743057,-682.9700000017483
7.495,0.3929741,1.2800569933419268,-3.681853413892059,-0.8870828933419268,-976.9935836839205,-705.7900000000536
7.5,0.40671012,1.27693061387414,-3.7183994231355975,-0.87022049387414,-1367.7910171568037,-745.010000002846
7.505,0.4212131,1.2730226395394069,-3.617244486723678,-0.8518095395394069,1172.3923004209676,-678.3100000000591
7.51,0.43638202,1.2689192664879363,-3.51689326152592,-0.8325372464879364,-1172.392300420045,-552.889999994507
7.515000000000001,0.45214886,1.2654020895866764,-3.420804277427585,-0.8132532295866765,-1367.791017155852,-441.2700000032223
7.52,0.46844465,1.2612987165352063,-3.321774744248544,-0.7928540665352063,4298.771768206035,-423.05000000269183
7.525,0.48522849,1.2560229511833163,-3.125021578953675,-0.7707944611833163,1953.9871673644002,-565.6799999938282
7.53,0.50245674,1.252701172998793,-3.1443823365170696,-0.750244432998793,-3126.3794677863016,-679.5399999999263
7.535,0.52002894,1.2491839960975328,-3.038328595096833,-0.7291550560975328,-195.39871673544974,-602.8400000029665
7.54,0.53785261,1.245080623046063,-2.929990675040867,-0.707228013046063,976.9935836827808,-500.28000000006557
7.545,0.55587067,1.2417588448615395,-2.826488670207863,-0.6858881748615395,-976.9935836843454,-536.8600000000811
7.55,0.57402942,1.2382416679602797,-2.7227573676851327,-0.6642122479602797,-195.39871673530476,-635.7700000033127
7.555,0.5922534,1.2347244910590192,-2.7034225579533686,-0.6424710910590191,2.1103119252074976e-09,-654.8900000033055
7.56,0.61045031,1.231207314157759,-2.574840020537982,-0.620757004157759,-390.7974334747895,-557.1199999937035
7.565,0.62854136,1.2278855359732357,-2.537422428006594,-0.5993441759732356,976.9935836813271,-367.0599999934385
7.57,0.64646039,1.2239775616385025,-2.3953146887578014,-0.5775171716385025,781.5948669473566,-180.18000000279062
7.575,0.66417743,1.2208511821707155,-2.2693407571970017,-0.5566737521707156,-781.5948669460549,-147.98000000340357
7.58,0.6816926,1.2175294039861924,-2.15283280574506,-0.5358368039861924,-1563.1897338938165,-222.31000000048675
7.585,0.69898143,1.2144030245184054,-2.1239175701110327,-0.5154215945184054,-1563.1897338928218,-212.92999999973176
7.59,0.71599896,1.211081246333882,-1.99765672717682,-0.49508228633388207,781.5948669480445,-132.6200000025408
7.595,0.73273105,1.206977873282412,-1.879727098701032,-0.47424682328241186,2344.7846008398033,-71.75000000305681
7.6,0.74916654,1.203069898947679,-1.8462802668541527,-0.45390335894767886,390.79743347158575,-25.669999994484897
7.605,0.76529367,1.199357323329682,-1.6559417712268825,-0.4340636533296819,-1172.392300420616,-29.47999999417698
7.61,0.78112359,1.1958401464284218,-1.6390381600387092,-0.41471655642842187,195.39871673727438,-58.290000002723446
7.615,0.79664362,1.1919321720936886,-1.5347577016096006,-0.3952885520936886,586.1961502103239,-23.77000000294106
7.62,0.81184063,1.1882195964756916,-1.4396099316889,-0.3763789664756917,-1367.791017155951,24.54999999983488
7.625,0.82672261,1.1848978182911682,-1.3535233080017737,-0.3581752082911682,-976.993583681931,20.219999997556442
7.63,0.84129389,1.180794445239698,-1.2693479638014356,-0.3395005552396979,976.9935836827125,-23.15999999996211
7.635,0.85555519,1.1768864709049651,-1.1911847554272847,-0.3213312809049651,976.993583680884,-91.47999999499757
7.640000000000001,0.86950359,1.172587699136758,-1.1157333439562598,-0.3030841091367581,586.1961502105382,-131.00000000218597
7.645,0.8831182,1.1688751235187615,-1.0945850617839703,-0.2857569235187616,2.1449864107125904e-09,-94.3200000024699
7.65,0.89637825,1.1645763517505543,-0.9619484735233944,-0.26819810175055425,-1172.3923004208305,-35.33999999533194
7.655,0.90928064,1.1614499722827678,-0.945065085694935,-0.25216933228276783,1563.189733892019,-17.21000000030449
7.66,0.92182355,1.156760403081088,-0.8168688584192412,-0.23493685308108803,2540.183317577311,-45.39000000235751
7.665,0.93400717,1.1534386248965642,-0.797709243027324,-0.21943145489656424,-2930.9807510484898,-85.21999999985223
7.67,0.94582228,1.150703042862251,-0.7228119848042214,-0.20488076286225088,-3712.5756179965356,-70.65000000011582
7.675,0.9572524,1.1473812646777275,-0.6906555023336688,-0.1901288646777275,-1172.392300420649,43.61999999829686
7.68,0.96828922,1.1434732903429945,-0.6002216365130124,-0.17518407034299455,390.79743347390354,246.4799999982456
7.685,0.97894568,1.1395653160082608,-0.5139082239690462,-0.1606196360082608,5471.164068625257,427.18000000371876
7.69,0.98926799,1.1338987532228972,-0.3736966247068974,-0.14463076322289725,3126.379467783593,391.9300000035396
7.695,0.99933349,1.1303815763216374,-0.2545234055847972,-0.13104808632163734,-5080.366635153622,165.06999999823006
7.7,1.00918577,1.1274505955705874,-0.1900417008127654,-0.11826482557058737,-1563.1897338926813,62.32999999824483
7.705,1.01880776,1.122956425085644,-0.1291249976226965,-0.10414866508564402,2540.183317577311,189.18999999954565
7.71,1.02820763,1.1190484507509104,-0.0652778812969926,-0.09084082075091038,-586.1961502094713,306.8700000003
7.715,1.03743082,1.115726672566387,-0.0004462742757276,-0.07829585256638705,1367.7910171569472,268.5899999987528
7.72,1.04652276,1.1112325020814438,0.0725383174691745,-0.06470974208144376,2540.1833175770807,179.1599999978966
7.725,1.05550954,1.1081061226136568,0.0793354338268956,-0.05259658261365674,-1563.1897338938609,168.8600000032851
7.73,1.06439975,1.1053705405793437,0.1614105443949604,-0.04097079057934372,-2344.7846008402207,208.81000000340777
7.735,1.07322308,1.10263495854503,0.2394128332707397,-0.029411878545029913,-586.1961502093675,260.6299999980648
7.74,1.08200746,1.0998993765107168,0.2496616458782261,-0.017891916510716754,781.5948669464826,362.01999999862187
7.745,1.09078025,1.0969683957596668,0.4049782035969869,-0.006188145759666863,1563.1897338932488,401.70000000033497
7.75,1.09960652,1.0942328137253534,0.4695462600751753,0.005373706274646617,1172.3923004206463,248.49999999803134
7.755,1.10854307,1.0918880291245132,0.5315133126884817,0.01665504087548686,586.1961502100078,52.59999999974923
7.76,1.11759863,1.0899340419571466,0.5238807646081425,0.027664588042853433,195.398716736177,3.3300000033865444
7.765000000000001,1.12676004,1.0885662509399898,0.6000048134768208,0.03819378906001014,5.998117558192462e-10,18.63999999845447
7.77,1.13603639,1.0875892573563064,0.6690396306077695,0.04844713264369349,-586.1961502097729,-32.66000000141804
7.775,1.14543449,1.0871984599228333,0.6620090524451878,0.05823603007716671,-781.5948669473378,-97.6099999965665
7.78,1.15493844,1.0871984599228333,0.7383041189644443,0.06773998007716675,781.5948669468501,-90.48000000045613
7.785,1.16453376,1.0871984599228333,0.7379265820025571,0.07733530007716682,976.9935836836357,-1.330000001902988
7.79,1.17420717,1.08798005478978,0.8164203228169439,0.08622711521022008,-390.7974334737387,113.97999999872144
7.795,1.18396737,1.0893478458069366,0.8823132183838392,0.09461952419306341,976.9935836835757,164.62000000042343
7.8,1.19384125,1.09091103554083,0.9395020640826202,0.10293021445916994,2930.980751050893,155.32000000335069
7.805000000000001,1.2038493,1.09325582014167,0.9869022268696732,0.1105934798583299,-2.0609149942174554e-09,171.739999997744
7.81,1.2140053,1.0969683957596668,1.022061217923288,0.1170369042403332,-6057.360218836691,171.02999999814983
7.815,1.22433487,1.1018533636780836,1.1096867538655917,0.12248150632191646,-5080.36663515062,6.430000003945565
7.82,1.23487106,1.1061521354462902,1.1122917857580172,0.1287189245537097,1953.9871673667494,-253.12000000008334
7.825,1.24559511,1.1090831161973405,1.0667781753557757,0.13651199380265955,2149.3858841024366,-365.4900000022302
7.83,1.25644496,1.113381887965547,1.0923950349262697,0.143063072034453,195.39871673658524,-316.80999999950467
7.835,1.2673769,1.1168990648668071,1.116595297636339,0.1504778351331928,390.79743347302815,-277.51999999979114
7.84,1.27836151,1.1208070392015406,1.1345267827727297,0.15755447079845952,-2540.1833175767424,-295.44000000272837
7.845,1.28936343,1.1254966084032203,1.1458304724313946,0.1638668215967798,-1758.5884506303648,-330.18000000180757
7.85,1.30034319,1.128818386587744,1.1626660475065682,0.17152480341225607,2344.784600840502,-377.4499999951338
7.855,1.31125926,1.132335563489004,1.1787302203836705,0.17892369651099593,1953.9871673677762,-410.76999999634023
7.86,1.32205982,1.1356573416735274,1.1625421854710267,0.1864024783264726,-9.038103598868474e-10,-369.3600000028532
7.865,1.33268694,1.1397607147249975,1.1894895580359242,0.19292622527500258,-195.39871673800485,-268.65000000186683
7.87,1.34310063,1.1432778916262578,1.2171719905082423,0.1998227383737421,-976.9935836829256,-183.75999999989676
7.875,1.35327711,1.1477720621112009,1.2388681531900398,0.2055050478887992,-1953.9871673669868,-142.53000000139218
7.88,1.36319697,1.1514846377291978,1.265340890067559,0.2117123322708021,-976.9935836835489,-135.75999999961823
7.885,1.37284601,1.155392612063931,1.306039418857366,0.21745339793606888,3321.778184524587,-119.91999999708128
7.890000000000001,1.38220631,1.158323592814981,1.4096010773044183,0.22388271718501884,4103.373051469409,-21.270000001534072
7.895,1.39125788,1.1616453709995045,1.42531254919945,0.22961250900049546,-4298.771768206166,125.89999999855581
7.9,1.40000873,1.1671165350681314,1.3847411263268272,0.23289219493186852,-4103.373051468248,194.5100000028856
7.905,1.40849145,1.1706337119693917,1.4077966563319002,0.2378577380306084,4103.373051470979,151.13000000003797
7.91,1.41673013,1.1735646927204413,1.4358058571522572,0.24316543727955864,781.5948669459156,32.31999999854975
7.915,1.42474123,1.1782542619221217,1.4558618741495897,0.2464869680778783,-3517.1769012620825,-99.55000000161579
7.92,1.43252164,1.1817714388233818,1.4772148306210775,0.2507502011766183,8.001279638847336e-10,-90.6799999997694
7.925,1.44003954,1.1852886157246416,1.525613594575209,0.2547509242753583,2540.1833175787488,123.09000000300841
7.930000000000001,1.44728371,1.1882195964756916,1.5025055910862115,0.25906411352430836,1367.7910171545172,339.51999999820544
7.935,1.4542957,1.191736773376952,1.5711555385182612,0.26255892662304814,195.3987167357568,356.9299999984395
7.94,1.46113943,1.1954493489949485,1.5870517991845745,0.26569008100505154,195.39871673852974,273.82000000302884
7.945,1.46784923,1.1989665258962086,1.5630416526211277,0.26888270410379134,-1758.588450630632,270.98999999987836
7.95,1.47444573,1.2036560950978887,1.6275589272217483,0.2707896349021113,-2540.183317577595,283.94999999848415
7.955,1.48097395,1.2071732719991486,1.641263710596147,0.2738006780008515,-976.9935836827821,186.92000000016378
7.96,1.4874736,1.211081246333882,1.6532259829126204,0.2763923536661179,1172.392300420362,49.59999999983147
7.965,1.49395381,1.2138168283681954,1.6292323877140416,0.28013698163180467,3712.5756179956834,-18.460000000857633
7.97,1.50040996,1.2167478091192456,1.6585899045161014,0.2836621508807544,2344.7846008388433,-13.930000001204533
7.975,1.50683841,1.220069587303769,1.6407555916552263,0.28676882269623105,-781.5948669448151,49.10000000194361
7.98,1.51323635,1.2243683590719758,1.6691557615073849,0.28886799092802407,-1758.588450628398,142.84000000315444
7.985,1.51961382,1.2282763334067093,1.6928834001168322,0.29133748659329073,-3126.3794677876713,160.47999999897854
7.99,1.52600187,1.233161301325126,1.7432694058067566,0.29284056867487407,-1563.1897338949534,53.54999999696418
7.995,1.53242288,1.236678478226386,1.7076034240214812,0.29574440177361394,2930.9807510500063,-60.660000000043944
8.0,1.538867,1.2400002564109094,1.7196983935009098,0.2988667435890906,1758.5884506324817,-101.16999999753007
8.005,1.54531914,1.243712832028906,1.725602751597608,0.301606307971094,-1563.1897338932663,-135.24000000017705
8.01,1.55177108,1.247816205080376,1.726192460819264,0.3039548749196239,-1172.3923004217838,-195.78000000138493
8.015,1.55820143,1.2511379832648997,1.8275978455761623,0.30706344673510033,-195.39871673658536,-230.69999999990983
8.02,1.56457887,1.2550459575996329,1.845323068769608,0.3095329124003672,1953.9871673662756,-219.4499999993227
8.025,1.57087397,1.2577815396339465,1.8705935139928127,0.3130924303660536,1758.5884506279854,-177.45000000190305
8.03,1.57705967,1.261494115251943,1.8826433644637388,0.3155655547480569,-1953.9871673657112,-125.81000000115108
8.035,1.58311731,1.2655974883034131,1.8902505809903205,0.3175198216965869,-586.1961502065903,-90.19999999566869
8.040000000000001,1.58903603,1.2689192664879363,1.899500205075981,0.32011676351206364,1563.1897338929678,-72.59999999869456
8.045,1.59480564,1.272631842105933,1.9052904409685003,0.32217379789406686,-781.594866948471,-56.62000000256762
8.05,1.60041775,1.2767352151574034,1.9083102002153272,0.3236825348425967,-390.79743347260126,-36.52000000073747
8.055,1.60586636,1.2804477907754,1.9130503897356212,0.3254185692246001,1367.7910171578012,-14.119999999879155
8.06,1.61114821,1.284160366393397,1.9182144179799097,0.32698784360660316,-1367.7910171578014,3.6800000000889668
8.065,1.61626295,1.2886545368783402,1.9204231273884464,0.3276084131216599,-2149.385884105847,4.610000000012974
8.07,1.62121329,1.292562511213074,1.9263950794205509,0.32865077878692595,1758.5884506289813,0.0499999981673227
8.075,1.62599909,1.2958842893975973,1.9051109826587505,0.33011480060240284,1953.9871673688308,22.52000000009366
8.08,1.6306176,1.2997922637323305,1.9208105352876912,0.3308253362676694,-1172.3923004168896,66.44000000364042
8.085,1.63507483,1.3038956367838006,1.930440611775515,0.3311791932161994,-1953.9871673671396,88.54999999999552
8.09,1.63938366,1.307803611118534,1.937120268313232,0.33158004888146597,-195.39871673800474,75.98999999828663
8.095,1.64355661,1.3115161867365306,1.9419468718934108,0.3320404232634695,1367.791017157517,63.37999999971362
8.1,1.64760002,1.3146425662043173,1.9174377927775748,0.33295745379568276,-195.3987167365857,63.28999999994079
8.105,1.65152042,1.3185505405390507,1.9544352956576585,0.33296987946094925,-390.7974334751601,41.27999999923611
8.11,1.65533006,1.3216769200068377,1.9286385633661776,0.3336531399931624,1953.987167366779,16.659999999792603
8.115,1.65902955,1.3248032994746242,1.9032288224834213,0.3342262505253759,390.79743347608087,49.51000000233074
8.120000000000001,1.66261506,1.3285158750926211,1.9188790834228324,0.3340991849073789,-781.5948669467016,98.14000000054898
8.125,1.66610066,1.3322284507106177,1.9549339778724424,0.3338722092893822,390.7974334720334,88.88999999868753
8.13,1.66950453,1.335550228895141,1.9245541458932025,0.3339543011048589,-390.7974334734536,56.78999999929806
8.135,1.67283189,1.3400443993800844,1.9241506627760316,0.33278749061991575,195.39871673715504,53.50999999990714
8.14,1.67608736,1.343170778847871,1.9271268619816344,0.33291658115212885,586.1961502100393,58.38000000068462
8.145,1.67928003,1.3478603480495512,1.919520547888354,0.3314196819504487,-1367.7910171572325,48.16000000033878
8.15,1.68241706,1.351572923667548,1.9137362045550408,0.3308441363324519,-2344.784600841863,26.31999999835145
8.155,1.68550346,1.3562624928692282,1.9000369586543528,0.3292409671307719,-390.7974334746191,-6.360000000386236
8.16,1.68854179,1.3593888723370149,1.8905392822797569,0.32915291766298505,2344.7846008430133,-38.189999997370876
8.165000000000001,1.6915285,1.3629060492382747,1.848792231011557,0.32862245076172525,1758.5884506311636,-45.37999999971717
8.17,1.69445519,1.366227827422798,1.8424684320284543,0.3282273625772021,-195.39871673857533,-31.86000000141729
8.175,1.69731696,1.3701358017575318,1.829081974685475,0.3271811582424682,-586.1961502108925,-23.009999999885963
8.18,1.70011188,1.3738483773755286,1.813753345851284,0.32626350262447135,586.1961502097552,-22.170000000018206
8.185,1.70283698,1.377756351710262,1.7959305046004317,0.32508062828973805,-390.7974334748749,-17.51000000041455
8.19,1.70548885,1.3816643260449957,1.7779354857379646,0.3238245239550044,-3712.5756179962527,-14.999999999645695
8.195,1.70806639,1.3863538952466754,1.7774668205872357,0.32171249475332453,-390.7974334720328,-24.140000000727753
8.2,1.71056859,1.3892848759977254,1.7382327217375753,0.3212837140022746,5275.765351889834,-32.23000000042089
8.205,1.71299019,1.3922158567487757,1.7280664744992114,0.3207743332512243,1953.9871673691848,-29.62999999795352
8.21,1.71532696,1.3963192298002454,1.7128776004570232,0.3190077301997547,-2735.582034313516,-20.339999999580016
8.215,1.71757615,1.4006180015684524,1.6770374279263702,0.31695814843154757,-1953.987167369261,2.0099999986199464
8.22,1.71973433,1.4047213746199223,1.6697179065440038,0.3150129553800778,-390.7974334726009,31.229999999597396
8.225,1.72180393,1.4088247476713924,1.6836040030948805,0.31297918232860766,-195.39871673573282,36.50000000021822
8.23,1.72379271,1.412537323289389,1.6736355862957022,0.3112553867106109,195.3987167345964,18.969999999570746
8.235,1.72570476,1.4164452976241229,1.6412015987440092,0.3092594623758771,1172.3923004194403,19.710000000023513
8.24,1.7275386,1.4195716770919091,1.619415815864289,0.3079669229080908,1.9880985746567603e-09,46.4300000012953
8.245000000000001,1.72929761,1.4236750501433797,1.6534412605601532,0.30562255985662024,-1367.7910171568792,63.399999999890866
8.25,1.73099171,1.4269968283279029,1.6269456304731784,0.3039948816720972,586.1961502100402,59.629999999233036
8.255,1.73262891,1.4305140052291627,1.6374308851498454,0.30211490477083736,2540.1833175775946,58.57000000020392
8.26,1.73421544,1.4334449859802127,1.6159753751549577,0.3007704540197873,195.39871673658521,73.34000000014714
8.265,1.73575829,1.437548359031683,1.627985560126038,0.2982099309683168,-1758.5884506301165,91.18999999970369
8.27,1.73726836,1.4414563333664163,1.6347435139759334,0.29581202663358375,195.39871673544837,92.8999999999329
8.275,1.73875909,1.4449735102676766,1.636282731061187,0.29378557973232344,-586.1961502123124,76.41000000006959
8.28,1.74024166,1.4492722820358832,1.626681229069908,0.2909693779641167,-1758.5884506284824,50.34999999992159
8.285,1.74172421,1.4529848576538795,1.6139751768444914,0.2887393523461206,2149.385884106241,20.270000000551775
8.290000000000001,1.74321175,1.4563066358384031,1.5992499336529284,0.2869051141615968,2930.980751048007,-2.5499999998141067
8.295,1.744704,1.4598238127396632,1.55706001371675,0.2848801872603368,-2735.5820343138967,-12.130000000638743
8.3,1.7461989,1.46470878065808,1.5613356515636738,0.2814901193419199,-2930.9807510487763,-20.88000000014807
8.305,1.74769591,1.4684213562760768,1.5169569784348125,0.2792745537239232,1953.987167366133,-31.359999999552777
8.31,1.74919098,1.4717431344606002,1.502140243636025,0.27744784553939983,1563.1897338935319,-34.18999999979807
8.315,1.75067906,1.47584650751207,1.4809664853694036,0.27483255248793004,195.39871673658718,-33.92000000019527
8.32,1.75215663,1.4793636844133302,1.4610877257536263,0.2727929455866698,-586.1961502125961,-37.31000000073115
8.325,1.75361926,1.483662456181537,1.4361740660367877,0.269956803818463,-1367.791017156624,-41.38000000009786
8.33,1.75506193,1.4877658292330072,1.4115008894112158,0.26729610076699295,1172.3923004227188,-43.6399999986768
8.335,1.7564792,1.4912830061342672,1.3893049890360083,0.2651961938657328,586.1961502087364,-44.3100000001254
8.34,1.7578655,1.4955817779024738,1.3632531966137231,0.26228372209752626,-2540.183317578164,-43.56000000115199
8.345,1.75921524,1.4998805496706806,1.33713520626189,0.25933469032931944,-586.1961502094712,-41.54999999969007
8.35,1.76052303,1.503397726571941,1.3152702547473802,0.25712530342805917,1758.5884506304028,-38.879999999325946
8.355,1.76178382,1.506914903473201,1.293729584340037,0.254868916526799,976.9935836820723,-36.2900000001801
8.36,1.76299297,1.5106274790911975,1.2716666929944835,0.25236549090880245,781.5948669463808,-32.93000000066013
8.365,1.76414606,1.5141446559924576,1.2473111927336993,0.25000140400754245,-195.39871673363152,-26.969999999552073
8.370000000000001,1.76523903,1.5182480290439275,1.226125428015209,0.24699100095607252,-1367.7910171574122,-19.339999999244498
8.375,1.76626903,1.522351402095398,1.204658379377323,0.2439176279046018,586.1961502074809,-12.830000000577428
8.38,1.76723424,1.5260639777133946,1.185064836103261,0.24117026228660543,976.9935836846311,-7.93000000044276
8.385,1.76813339,1.5301673507648643,1.1635746142297627,0.2379660392351357,-1758.5884506292664,-3.5299999998981093
8.39,1.76896577,1.534661521249808,1.1403156601070925,0.23430424875019207,-1367.7910171575177,0.7800000000202658
8.395,1.76973121,1.5385694955845417,1.120051594757029,0.2311617144154583,390.79743347345584,5.0099999998567455
8.4,1.77043009,1.5422820712025382,1.1009524543591998,0.22814801879746183,-195.39871673771995,9.330000000034318
8.405,1.77106327,1.5461900455372717,1.0811845785775858,0.22487322446272828,1367.7910171556848,13.280000000620646
8.41,1.77163221,1.5493164250050584,1.0665366778397023,0.22231578499494153,2540.1833175789243,15.31999999969051
8.415000000000001,1.7721389,1.5528336019063185,1.048837295465629,0.2193052980936816,-1563.189733894234,14.90999999954326
8.42,1.77258541,1.557132373674525,1.025426850014393,0.21545303632547497,-1953.9871673692603,13.830000000326208
8.425,1.77297342,1.5610403480092587,1.001441192936478,0.2119330719907413,2930.9807510516184,12.670000000128454
8.43,1.7733046,1.564166727477045,0.9866355671645666,0.2091378725229549,390.7974334751589,10.75000000071256
8.435,1.77358066,1.5688562966787254,0.9551253137550604,0.20472436332127453,-4689.569201681736,12.00999999980516
8.44,1.77380245,1.5733504671636689,0.927025571630645,0.20045198283633114,-1172.3923004209305,20.14999999886507
8.445,1.77397137,1.576672245348192,0.9154830357186832,0.19729912465180788,3907.974334732553,29.010000000086023
8.45,1.77409097,1.5799940235327157,0.9025916705660668,0.19409694646728437,3712.5756179961554,29.910000000683482
8.455,1.7741657,1.5833158017172388,0.8887527544898506,0.1908498982827611,-781.5948669434974,23.969999999736757
8.46,1.77419917,1.588005370918919,0.8590091066447164,0.1861937990810809,-4298.771768205773,19.829999999641274
8.465,1.77419356,1.5924995414038623,0.8326275630121482,0.18169401859613776,-2149.385884105563,22.320000000776048
8.47,1.77415102,1.5966029144553326,0.8136177810215153,0.17754810554466727,3321.778184523935,27.77999999978084
8.475,1.77407478,1.599924692639856,0.7985752944740158,0.17415008736014403,3907.97433473426,30.34999999982928
8.48,1.77396884,1.6036372682578528,0.7843650814666029,0.1703315717421472,-3517.1769012630775,28.970000000755434
8.485,1.77383714,1.608913033609743,0.7551970197839903,0.1649241063902569,-5080.366635154261,27.279999999349016
8.49,1.77368298,1.6130164066612127,0.7358802502044757,0.1606665733387873,2930.9807510524543,27.749999999003947
8.495000000000001,1.77350961,1.615947387412263,0.722208541135471,0.1575622225877371,4298.771768205679,28.400000000473234
8.5,1.77332072,1.6196599630302595,0.7067089693831854,0.15366075696974058,-586.1961502103215,26.760000000934966
8.505,1.77311994,1.6239587347984663,0.685131613370839,0.14916120520153364,-1563.1897338935332,23.49999999978644
8.51,1.77291046,1.6278667091331998,0.6656377469028197,0.14504375086680033,-781.5948669480458,20.96999999963691
8.515,1.77269489,1.6323608796181432,0.6418931755813403,0.14033401038185667,-195.39871673601593,20.000000000096215
8.52,1.7724757,1.63607345523614,0.6252961046127368,0.13640224476385998,-586.1961502086197,19.340000000057383
8.525,1.77225543,1.6403722270043464,0.6038733428898878,0.1318832029956536,-1563.1897338949543,17.95000000015611
8.53,1.77203644,1.6440848026223436,0.5862919853381534,0.12795163737765636,195.398716735878,15.750000000021197
8.535,1.7718209,1.6474065808068667,0.5701661361119299,0.12441431919313328,3126.379467788771,12.939999999730986
8.540000000000001,1.77161063,1.650337561557917,0.5548176372543954,0.12127306844208308,3126.379467786082,10.109999999773105
8.545,1.77140705,1.6536593397424404,0.5378107970160151,0.1177477102575597,-195.3987167371531,7.980000000316352
8.55,1.77121121,1.657958111510647,0.5155812344693611,0.11325309848935294,-2149.3858841030046,6.6700000004973035
8.555,1.77102399,1.6622568832788538,0.4939680362667455,0.1087671067211462,-1758.5884506301172,5.659999999636817
8.56,1.77084616,1.666751053763797,0.471391457513647,0.104095106236203,-1758.5884506321083,4.519999999388574
8.565,1.77067839,1.671049825532004,0.4499587393401729,0.09962856446799595,-390.7974334736276,3.3000000001870546
8.57,1.77052114,1.674957799866737,0.430372151969244,0.09556334013326295,2930.9807510528653,2.130000000306673
8.575000000000001,1.77037477,1.6782795780512607,0.4136744486909028,0.09209519194873939,1953.9871673653286,1.049999999914533
8.58,1.77023945,1.6821875523859942,0.3941310877260777,0.08805189761400589,-3126.379467787066,0.029999999640040187
8.585,1.77011526,1.686877121587674,0.3705849098307299,0.08323813841232597,-2540.183317575322,-0.9700000001090459
8.59,1.77000214,1.6903942984889342,0.3527162968492304,0.0796078415110657,1172.3923004189419,-1.8499999993083378
8.595,1.76989989,1.6937160766734578,0.3357811903114895,0.07618381332654223,1953.9871673661341,-2.589999999713747
8.6,1.76980824,1.6970378548579812,0.3191385954390468,0.07277038514201872,2540.183317577312,-3.2600000005801135
8.605,1.76972681,1.699968835609031,0.304076428010508,0.06975797439096909,-195.39871673857388,-3.890000000126463
8.61,1.76965516,1.7040722086605014,0.2833298059987217,0.06558295133949854,-2149.385884103878,-4.4199999996467625
8.615,1.76959276,1.7081755817119713,0.2624234655953121,0.06141717828802884,1172.3923004224473,-4.709999999761479
8.620000000000001,1.76953901,1.7113019611797582,0.2464901838088561,0.05823704882024172,-781.5948669484211,-4.800000000380354
8.625,1.76949332,1.7161869290981746,0.2218079493232654,0.05330639090182543,-2344.7846008424312,-4.820000000336428
8.63,1.76945508,1.7198995047161716,0.2029177212699245,0.04955557528382837,2149.3858841041397,-4.799999999250044
8.635,1.76942369,1.7232212829006948,0.1861109056289281,0.04620240709930523,2930.9807510504825,-4.740000000254177
8.64,1.76939855,1.7275200546689018,0.1646710001309533,0.04187849533109822,390.79743347288604,-4.630000000816121
8.645,1.76937907,1.731428029003635,0.1449665519131286,0.03795104099636504,-3907.974334732555,-4.459999999540031
8.65,1.76936468,1.7370945917889984,0.1166166081491374,0.032270088211001635,-2930.9807510504816,-4.2699999994512865
8.655,1.76935483,1.7411979648404683,0.0959300214776412,0.02815686515953164,2930.980751049663,-4.109999999573173
8.66,1.76934901,1.7447151417417284,0.0782677392248263,0.02463386825827163,-586.1961502071672,-3.920000000619142
8.665000000000001,1.7693467,1.7496001096601452,0.053826178944854,0.01974659033985482,-2344.784600839206,-3.670000000679039
8.67,1.76934743,1.753312685278142,0.0352220256676149,0.016034744721858063,2930.9807510484907,-3.4399999995572763
8.675,1.76935076,1.7560482673124556,0.0214196683605581,0.013302492687544465,781.5948669454879,-3.2000000001632074
8.68,1.76935627,1.7605424377973988,-0.0009033778383453,0.008813832202601235,-1758.5884506304017,-2.900000000352188
8.685,1.76936357,1.763473418548449,-0.0154806099928611,0.005890151451551029,390.7974334723168,-2.6399999995875296
8.69,1.76937233,1.7671859941664456,-0.0339286173972856,0.0021863358335543204,1172.3923004191627,-2.419999999290737
8.695,1.76938223,1.770116974917496,-0.0483540778905319,-0.000734744917496144,-390.7974334703845,-2.15999999994675
8.700000000000001,1.76939297,1.7736341518187555,-0.0654373632832383,-0.004241181818755546,-2149.38588410236,-1.910000000861341
8.705,1.76940432,1.7771513287200158,-0.082088819802022,-0.007747008720015769,586.1961502077655,-1.680000000021734
8.71,1.76941603,1.7794961133208558,-0.0928448274527707,-0.01008008332085586,1563.1897338923961,-1.4699999994150552
8.715,1.76942793,1.782427094071906,-0.1064154962543586,-0.012999164071906044,-1758.5884506298335,-1.2900000004379393
8.72,1.76943983,1.785358074822956,-0.1195397140968698,-0.015918244822956007,-586.1961502094712,-1.0900000003744506
8.725,1.76945159,1.7875074607070596,-0.1286290848405431,-0.018055870707059496,1563.1897338935328,-0.899999999433063
8.73,1.76946308,1.7894614478744262,-0.1365101381793179,-0.019998367874426215,-586.1961502106071,-0.7499999995275475
8.735,1.76947421,1.7918062324752662,-0.1460763050578817,-0.02233202247526611,-1172.392300420328,-0.5800000005247894
8.74,1.76948488,1.7933694222091594,-0.1517585244166921,-0.023884542209159365,781.5948669474833,-0.4200000000765016
8.745000000000001,1.76949504,1.7947372132263162,-0.1566373819638194,-0.025242173226316167,781.5948669458887,-0.32999999973560756
8.75,1.76950465,1.7959096055267365,-0.1603049810498175,-0.026404955526736495,-5.684341886080801e-10,-0.2400000005309364
8.755,1.76951366,1.7970819978271562,-0.1640209867479808,-0.027568337827156064,390.79743347459134,-0.1399999996465393
8.76,1.76952206,1.797863592694103,-0.1658455713275344,-0.028341532694103,-195.39871673630068,-0.07999999951380277
8.765,1.76952983,1.798840586277786,-0.1684312940503071,-0.02931075627778612,-1172.3923004214998,-0.03000000077691123
8.77,1.76953697,1.799622181144733,-0.1698223657792061,-0.03008521114473295,195.3987167360167,0.04000000018322725
8.775,1.76954347,1.7998175798614695,-0.1686859434200948,-0.03027410986146961,1172.3923004212156,0.11000000085914996
8.78,1.76954935,1.8000129785782062,-0.1673976336131396,-0.03046362857820628,1.7348611436318606e-10,0.15999999931222453
8.785,1.76955462,1.8002083772949429,-0.1663359954542096,-0.030653757294942796,-586.1961502100046,0.1999999994950561
8.790000000000001,1.76955931,1.8002083772949429,-0.1642668369431611,-0.030649067294942878,5.337597031029873e-10,0.2400000002462872
8.795,1.76956344,1.8000129785782062,-0.1612369304693116,-0.030449538578206203,390.79743347260165,0.25999999991200906
8.8,1.76956705,1.799622181144733,-0.156883306393646,-0.030055131144733016,-195.398716737722,0.23000000055618397
8.805,1.76957017,1.7992313837112597,-0.152873822802415,-0.029661213711259737,-586.1961502097552,0.20000000034770826
8.81,1.76957283,1.7986451875610496,-0.1477040917857529,-0.029072357561049644,781.5948669486139,0.2499999993688211
8.815,1.76957504,1.797668193977366,-0.1410195937245224,-0.028093153977365892,1172.3923004205365,0.30999999950178836
8.82,1.76957685,1.7966912003936828,-0.1343323703449591,-0.027114350393682818,-586.1961502114323,0.28000000014573145
8.825000000000001,1.7695783,1.796105004243473,-0.1297892834008799,-0.02652670424347292,-586.1961502100809,0.2300000005559013
8.83,1.76957942,1.7949326119430529,-0.1223379577749634,-0.025353191943052966,586.1961502103239,0.22999999998775
8.835,1.76958023,1.7939556183593697,-0.1160941160138048,-0.024375388359369587,781.5948669466245,0.23999999996250265
8.84,1.76958077,1.7927832260589496,-0.1088820889356081,-0.02320245605894966,195.39871673715328,0.24000000024671964
8.845,1.76958106,1.7918062324752662,-0.1029428378623409,-0.02222517247526623,-1172.392300419794,0.21999999972877982
8.85,1.76958114,1.7910246376083194,-0.0980011636190228,-0.021443497608319317,-781.5948669463407,0.19999999977927418
8.855,1.76958103,1.789852245307899,-0.0912895356028526,-0.020271215307898993,781.5948669474774,0.20999999975402717
8.86,1.76958075,1.7884844542907428,-0.0835138027274052,-0.01890370429074273,390.79743347185354,0.19000000008881118
8.865,1.76958034,1.7873120619903229,-0.0768274606096218,-0.017731721990322802,-195.39871673847102,0.15000000047394912
8.870000000000001,1.76957981,1.785944270973166,-0.0692311030751632,-0.01636446097316613,390.7974334754788,0.1599999998801686
8.875,1.76957918,1.784576479956009,-0.0618586679105297,-0.01499729995600907,195.39871673829052,0.16999999985501574
8.88,1.76957847,1.7832086889388523,-0.0545856235190631,-0.013630218938852412,-781.5948669483297,0.14999999990550994
8.885,1.76957771,1.7820362966384329,-0.0482648349019567,-0.0124585866384328,-195.39871673743744,0.139999999930757
8.89,1.7695769,1.7804731069045392,-0.0399204538497451,-0.010896206904539296,1172.392300420647,0.12000000026546812
8.895,1.76957608,1.778909917170646,-0.0317206248871091,-0.009333837170645953,781.5948669469085,0.09000000034120977
8.9,1.76957524,1.7775421261534892,-0.0244109928518037,-0.007966886153489172,-781.5948669463405,0.05999999984851741
8.905,1.76957441,1.776369733853069,-0.018242132942987,-0.006795323853069135,-976.9935836835632,0.05999999956427533
8.91,1.76957358,1.7751973415526492,-0.0121746152932297,-0.005623761552649098,586.196150209582,0.10000000031595237
8.915000000000001,1.76957276,1.7736341518187555,-0.0042551909589552,-0.004061391818755533,781.5948669472687,0.08000000008223666
8.92,1.76957198,1.7724617595183356,0.0016841466074999,-0.002889779518335578,-195.39871673772188,0.029999999640041256
8.925,1.76957123,1.771289367217916,0.0075340229127898,-0.001718137217916027,195.3987167348796,0.009999999974752566
8.93,1.76957052,1.770116974917496,0.0134111071664202,-0.0005464549174960531,390.79743347487516,0.0
8.935,1.76956985,1.7691399813338122,0.0181129749489806,0.00042986866618788255,-586.1961502077653,0.030000000208475597
8.94,1.76956921,1.7683583864668655,0.0218019197325069,0.0012108235331345085,-390.7974334734132,0.029999999924233717
8.945,1.76956862,1.7675767915999188,0.0252359236727907,0.0019918284000812747,781.5948669449258,-0.03000000020846655
8.950000000000001,1.76956808,1.7665997980162358,0.0295020374094756,0.0029682819837641983,195.39871673499053,-0.02999999964000241
8.955,1.76956757,1.7662090005827624,0.0306879776023003,0.0033585694172375558,-781.5948669466246,0.01000000025896966
8.96,1.7695671,1.7656228044325524,0.0328655828901053,0.0039442955674475755,-390.79743347231755,0.009999999974752816
8.965,1.76956667,1.7652320069990788,0.0339378611176201,0.004334663000921113,586.1961502103235,-0.01000000025896991
8.97,1.76956628,1.764645810848869,0.035716009158533,0.0049204691511310905,586.1961502091867,-0.030000000208475625
8.975,1.76956593,1.7642550134153956,0.0365949334887797,0.005310916584604364,-586.1961502100393,-0.019999999949505715
8.98,1.76956561,1.7642550134153956,0.0353838230459277,0.00531059658460431,-195.39871673573242,0.009999999690535721
8.985,1.76956532,1.7638642159819222,0.03618364515373,0.005701104018077885,390.7974334732395,-0.0199999999495145
8.99,1.76956507,1.7638642159819222,0.035117760923973,0.00570085401807785,-390.79743347324603,-0.3099999995015893
8.995000000000001,1.76956485,1.7638642159819222,0.0340575107251,0.005700634018077855,-390.7974334729618,-1.479999999673997
9.0,1.76956464,1.7638642159819222,0.0328649434759891,0.005700424018077799,195.39871673630083,-4.959999999982967
9.005,1.76956421,1.7638642159819222,0.0297062440872104,0.0056999940180777475,195.39871673686926,-13.960000000850554
9.01,1.76956284,1.7638642159819222,0.0258772515361726,0.005698624018077858,-195.39871673686926,-32.74000000004802
9.015,1.76955844,1.764059614698659,0.0103846967526118,0.005498825301341048,-195.39871673686926,-66.4399999990934
9.02,1.76954571,1.764059614698659,-0.0146867837404928,0.005486095301341143,-195.39871673630083,-115.04000000031088
9.025,1.7695148,1.7642550134153956,-0.0520534575358992,0.0052597865846044645,-390.79743347345436,-156.85000000048134
9.03,1.76944681,1.7642550134153956,-0.1389145468679773,0.005191796584604447,-195.3987167368693,-174.11999999979633
9.035,1.76931825,1.7642550134153956,-0.140468988543266,0.005063236584604391,5.684341886080801e-10,-184.31999999990796
9.04,1.76910929,1.764059614698659,-0.1992802995356203,0.00504967530134115,6.94626578479074e-11,-192.6199999998763
9.045,1.76879467,1.7638642159819222,-0.2533082433712693,0.004930454018077679,-390.79743347437636,-193.9100000004247
9.05,1.76834883,1.763473418548449,-0.2476365051910697,0.004875411451551015,-781.5948669461252,-232.03000000032216
9.055,1.76775144,1.7630826211149755,-0.2963643962650597,0.004668818885024573,8.528786565875635e-10,-334.7299999993113
9.06,1.76697152,1.762105627531292,-0.3122434740127727,0.004865892468707944,781.594866945487,-415.4499999998685
9.065,1.76595653,1.761128633947609,-0.1966988776843095,0.004827896052390868,781.5948669463404,-358.0800000006128
9.07,1.76464263,1.7599562416471888,-0.2142949607072183,0.0046863883528112105,-390.7974334723174,-215.62999999930298
9.075,1.76299449,1.758783849346769,-0.2231923722114129,0.004210640653231179,-1563.1897338936787,-156.8899999995324
9.08,1.76100408,1.7578068557630857,-0.2256087540881172,0.0031972242369142645,781.5948669464856,-195.58000000103448
9.085,1.75864969,1.755657469878982,-0.2524954332260434,0.0029922201210179633,2149.385884103725,-209.93000000029224
9.09,1.75589898,1.7540942801450887,-0.2796134643215688,0.0018046998549112736,-195.39871673772208,-153.58999999961748
9.095,1.75272655,1.7525310904111957,-0.3019811615312052,0.00019545958880429204,-1367.7910171569486,-51.319999999751644
9.1,1.7491174,1.750967900677302,-0.3165078083610168,-0.0018505006773019694,-1172.3923004192252,90.08999999992238
9.105,1.74507148,1.749209312226672,-0.319349288958475,-0.004137832226672078,-5.690026227966882e-10,276.5900000002962
9.11,1.74060802,1.7470599263425688,-0.3080548697785699,-0.006451906342568758,976.993583684346,472.1499999999612
9.115,1.73577457,1.7445197430249917,-0.2622302881736074,-0.00874517302499167,-976.9935836812199,595.2600000009312
9.12,1.73064743,1.7423703571408884,-0.3671967289257818,-0.011722927140888295,-2344.7846008422293,632.5299999998125
9.125,1.72530797,1.7394393763898388,-0.3932215655140559,-0.014131406389838785,781.5948669430691,672.4699999972786
9.13,1.71983089,1.7359221994885785,-0.3746333363863288,-0.01609130948857862,4103.373051471493,746.2200000004983
9.135,1.71430421,1.7316234277203717,-0.2186176676912021,-0.017319217720371594,781.5948669500355,788.0500000016228
9.14,1.70883087,1.728497048252585,-0.1157085950723445,-0.019666178252585098,-2930.9807510496257,765.1799999996783
9.145,1.70350951,1.7251752700680614,0.0376988984356533,-0.021665760068061424,781.5948669443507,680.1699999994369
9.15,1.69843542,1.720876498299855,0.1587511062418566,-0.022441078299854977,2735.5820343121895,548.7700000006387
9.155,1.69368905,1.717163922681858,0.148979861106006,-0.023474872681858105,390.79743347459055,441.2900000008526
9.16,1.68932471,1.7138421444973346,0.1964452285209683,-0.024517434497334678,1172.3923004223516,396.5300000001728
9.165,1.6853916,1.7103249675960746,0.227914509698055,-0.024933367596074563,781.5948669470824,367.59999999919955
9.17,1.68194003,1.707784784278498,0.2336690182363502,-0.02584475427849786,-2149.385884106391,319.6099999982612
9.175,1.67901369,1.7058307971111315,0.2163997766013655,-0.02681710711113161,-976.9935836829801,261.3700000006943
9.18,1.67664898,1.7034860125102913,0.1840133372813955,-0.026837032510291348,1563.1897338955218,189.20000000066238
9.185,1.67487493,1.7015320253429245,0.1374650608015213,-0.026657095342924375,390.79743347373903,93.25999999987744
9.19,1.67371293,1.699968835609031,0.1031475784092054,-0.026255905609031016,-1758.5884506306866,25.320000000875552
9.195,1.67316452,1.6989918420253478,0.1735080846290794,-0.025827322025347765,-586.1961502100394,17.839999999297106
9.2,1.67322514,1.697624051008191,0.1443653663530112,-0.024398911008191027,1172.392300420862,-32.430000000675136
9.205,1.67390778,1.696451658707771,0.1552279706195145,-0.02254387870777097,-390.79743347381424,-163.64999999922384
9.21,1.67520345,1.695865462557561,0.1259745981278076,-0.02066201255756117,-781.5948669468457,-240.91999999952304
9.215,1.67707228,1.6950838676906144,0.1503600647415258,-0.018011587690614395,781.5948669474768,-235.4700000003727
9.22,1.67948421,1.6943022728236676,0.1731156176598237,-0.0148180628236676,-1.1368683772161603e-13,-267.25000000028695
9.225,1.6824171,1.694106874106931,0.1910105133099612,-0.01168977410693084,-586.1961502108919,-345.6999999997531
9.23,1.68583195,1.6937160766734578,0.2263235117209705,-0.007884126673457725,195.39871673630086,-375.16000000012195
9.235,1.68967499,1.693520677956721,0.2266146557791956,-0.0038456879567208,195.39871673743755,-359.0700000003874
9.24,1.69390097,1.693520677956721,0.2524774498911085,0.00038029204327916233,195.39871673686923,-374.6700000016451
9.245,1.69847079,1.693520677956721,0.2970152390764838,0.004950112043279109,-195.39871673736826,-410.1899999993535
9.25,1.7033322,1.6939114753901945,0.3809776246488183,0.009420724609805475,5.61954038857948e-10,-413.49999999655097
9.255,1.70842983,1.6943022728236676,0.3825174237680303,0.014127557176332406,1367.791017158293,-399.33000000085553
9.26,1.71371545,1.6946930702571408,0.4339094414166138,0.019022379742859252,586.1961502097553,-391.8500000011854
9.265,1.71913861,1.695865462557561,0.4540239875991971,0.023273147442438802,-586.1961502114605,-391.7299999995
9.27,1.72465139,1.697233253574718,0.4672305528412914,0.027418136425281903,-2.844444679794833e-10,-399.7000000006942
9.275,1.73020528,1.6987964433086111,0.4638626559528263,0.03140883669138894,-781.5948669463402,-406.63999999994246
9.28,1.73574829,1.7009458291927144,0.4556172581367759,0.03480246080728566,-1367.7910171560954,-404.5999999999791
9.285,1.74123014,1.7030952150768175,0.4128894365184144,0.0381349249231826,5.684341886080801e-13,-389.29000000168196
9.29,1.74659951,1.7050492022441843,0.3794709517526733,0.041550307755815696,1367.7910171566423,-356.6899999999712
9.295,1.75180859,1.7073939868450243,0.3414315636417253,0.044414603154975696,2344.784600840732,-319.8999999969627
9.3,1.75681576,1.709543372729128,0.3068217826050003,0.04727238727087202,-195.39871673810967,-303.40999999948735
9.305,1.76158394,1.713060549630388,0.2612403198984566,0.04852339036961206,-3517.1769012610876,-327.61000000108675
9.31,1.76607714,1.7167731252483849,0.1825282662257087,0.049304014751615055,-2344.7846008398737,-391.9300000007024
9.315,1.77025278,1.7198995047161716,0.067659280065876,0.05035327528382849,-195.3987167365858,-461.7300000004059
9.32,1.77405604,1.7232212829006948,-0.0493337276347062,0.050834757099305294,781.5948669466236,-480.64000000041256
9.325,1.77742318,1.725566067501535,-0.0961499753026752,0.05185711249846503,-195.39871673581501,-412.25000000071805
9.33,1.78029073,1.7286924469693217,-0.0760798277259016,0.05159828303067826,-781.5948669459231,-292.6699999983525
9.335,1.7826145,1.7308418328534252,-0.0887721289618374,0.0517726671465748,781.5948669461252,-195.5799999988385
9.34,1.78436896,1.7329912187375285,0.0050916070153973,0.05137774126247141,1172.3923004206472,-174.15000000085774
9.345,1.78553407,1.7349452059048949,-0.0403846584319729,0.0505888640951051,390.79743347373847,-267.29000000075393
9.35,1.78609515,1.7368991930722617,-0.0109832291171166,0.04919595692773826,-976.9935836834939,-397.420000000483
9.355,1.78600774,1.739048578956365,-0.118136505387075,0.04695916104363507,-1758.5884506295492,-366.1099999996659
9.36,1.78520201,1.7408071674069951,-0.1486671847983337,0.044394842593004746,-390.79743347459157,-134.93999999952302
9.365,1.78363809,1.742174958424152,-0.1786447115353116,0.04146313157584802,976.9935836817883,94.25000000107275
9.37,1.78132343,1.7429565532910989,-0.144158666048131,0.038366876708901154,195.39871673778498,151.0599999996789
9.375,1.77829018,1.743933546874782,-0.1926418213891451,0.03435663312521786,-390.79743347182523,90.0299999980889
9.38,1.77455366,1.7443243443082552,-0.23518977992293,0.030229315691744807,390.79743347395345,78.55000000041218
9.385,1.77011507,1.7445197430249917,-0.2749418692246055,0.025595326975008215,390.7974334737389,186.94000000068263
9.39,1.76498273,1.7445197430249917,-0.3131787118959221,0.020462986975008368,-195.3987167380061,317.41999999952805
9.395,1.75919131,1.7443243443082552,-0.2844028619175593,0.014866965691744838,-390.7974334743068,324.7200000001385
9.4,1.75279758,1.743933546874782,-0.3406034334577093,0.008864033125217885,-586.1961502091871,225.9399999999896
9.405,1.74583632,1.7431519520078351,-0.3913320781989619,0.002684367992164871,-586.1961502097552,157.78999999953112
9.41,1.73832293,1.742174958424152,-0.4390055178047078,-0.0038520284241518876,390.79743347402336,156.4800000039736
9.415,1.73027604,1.7404163699735218,-0.4820541351741422,-0.010140329973521878,586.1961502098179,171.88000000066836
9.42,1.72171657,1.738657781522892,-0.5253923006637684,-0.016941211522892186,-195.3987167383318,181.25999999342366
9.425,1.71266695,1.7365083956387886,-0.5678231637286832,-0.02384144563878854,-586.1961502092572,185.57999999948856
9.43,1.70315038,1.7339682123212117,-0.609808362978912,-0.030817832321211602,-586.1961502089034,185.67000000246435
9.435,1.69319031,1.7312326302868983,-0.652514683723399,-0.038042320286898246,1367.7910171563803,204.98000000060892
9.44,1.68280994,1.7275200546689018,-0.6923500022231007,-0.044710114668901735,2344.784600840442,286.4200000004914
9.445,1.67203179,1.7240028777676415,-0.7350268135627102,-0.05197108776764159,195.39871673857473,374.90000000391115
9.45,1.66090023,1.720681099583118,-0.7049760832301497,-0.059780869583118124,-1367.7910171571336,331.72000000026674
9.455,1.64947781,1.717163922681858,-0.7718086514232954,-0.06768611268185798,-1172.3923004238502,176.81999999156028
9.46,1.63779615,1.7136467457805982,-0.8346054706339987,-0.07585059578059816,1953.9871673681578,90.23999999933892
9.465,1.62586009,1.7093479740123914,-0.8899210076917965,-0.08348788401239138,4103.373051473401,158.02000000406758
9.47,1.61367452,1.705244600960921,-0.9438991546297584,-0.09157008096092101,-195.39871673914263,287.4600000004209
9.475,1.60126887,1.702509018926608,-0.9232482818485414,-0.10124014892660815,-3907.974334734826,348.6500000002604
9.48,1.58869336,1.699578038175558,-1.0030566643480334,-0.11088467817555814,-2344.7846008378838,301.8900000000861
9.485,1.57599161,1.696451658707771,-0.9942162619166648,-0.12046004870777094,-781.5948669460563,137.57000000027097
9.49,1.56320132,1.6927390830897744,-1.0803525688550744,-0.1295377630897745,781.5948669471936,-100.6399999957411
9.495,1.5503302,1.688831108755041,-1.155129281419673,-0.13850090875504084,3321.778184522064,-200.9300000007791
9.5,1.53733597,1.6839461408366243,-1.2986869551011793,-0.1466101708366243,781.5948669440716,-58.94000000921761
9.505,1.524184,1.680428963935364,-1.2567411325315228,-0.15624496393536402,-2344.7846008392694,90.05000000078178
9.51,1.51089638,1.6765209896006308,-1.3200673905368154,-0.16562460960063086,-390.7974334720331,70.77000000549157
9.515,1.49749407,1.6720268191156873,-1.3760284485150946,-0.1745327491156874,1172.3923004203634,7.869999999457548
9.52,1.4839726,1.6681188447809538,-1.4308795043478948,-0.18414624478095387,1563.189733892966,7.099999998849626
9.525,1.47033118,1.6632338768625372,-1.47790522374666,-0.19290269686253714,-2.849276370398002e-10,33.53000000003544
9.53,1.4565725,1.6599120986780134,-1.5305547837648903,-0.20333959867801332,-1367.7910171563794,57.34000000046825
9.535,1.44270243,1.6556133269098068,-1.576966917433904,-0.2129108969098068,-586.1961502094714,78.27000000532342
9.54,1.42872961,1.6519007512918102,-1.6250826474547129,-0.22317114129181026,586.196150209414,118.32000000030433
9.545,1.41466516,1.64779737824034,-1.67062901068948,-0.23313221824033992,2149.385884100568,217.65999999020676
9.55,1.4005222,1.6434986064721333,-1.7146467902888909,-0.24297640647213337,390.7974334729683,320.279999999629
9.555,1.38633769,1.6403722270043464,-1.690801298487059,-0.2540345370043464,-2540.1833175747524,312.10000000442494
9.56,1.37216793,1.6368550501030863,-1.759916618178222,-0.26468712010308626,-1758.588450630402,253.99999999991638
9.565,1.3580403,1.6337286706352998,-1.8244419651549133,-0.2756883706352997,586.1961502091867,245.31000000026464
9.57,1.3439789,1.629429898867093,-1.80742102242696,-0.285450998867093,195.39871673800633,194.2300000053027
9.575,1.33002699,1.6261081206825696,-1.8828396594453192,-0.2960811306825697,-4.5062620301905554e-10,64.23000000032573
9.58,1.31620042,1.621809348914363,-1.944722905196857,-0.3056089289143631,1563.1897338899962,-23.760000010499596
9.585,1.30249199,1.617705975862893,-2.0004459706423865,-0.31521398586289306,586.1961502095182,-32.79000000082789
9.59,1.28889672,1.6139934002448963,-2.0530754895147365,-0.32509668024489624,1.1376641850802116e-09,-18.589999994273228
9.595,1.27541154,1.610085425910163,-2.101064657352845,-0.334673885910163,390.79743347402336,-6.639999999292115
9.6,1.26203501,1.6065682490089026,-2.1482919751342093,-0.34453323900890265,-976.9935836826412,21.67999999926252
9.605,1.24876705,1.6032464708243792,-2.1945216298431607,-0.3544794208243791,-976.9935836843465,118.72999999966441
9.61,1.23560865,1.599924692639856,-2.2392726338189792,-0.36431604263985595,195.39871673629972,271.1900000008576
9.615,1.2225802,1.596212117021859,-2.219454681936744,-0.37363191702185916,-390.7974334717498,318.8200000048015
9.62,1.20973637,1.5930857375540726,-2.220449071151822,-0.3833493675540727,-195.39871673647465,185.37999999919998
9.625,1.19712218,1.589177763219339,-2.2908343960713284,-0.39205558321933887,781.5948669443571,50.3399999907266
9.63,1.18473699,1.5856605863180788,-2.352890302325184,-0.40092359631807883,195.3987167352059,28.23000000037007
9.635,1.17257837,1.5819480107000825,-2.347011274468726,-0.4093696407000824,-586.1961502091858,-6.889999995256062
9.64,1.16066085,1.5784308337988222,-2.413040139401996,-0.41776998379882224,-195.3987167354475,-107.99999999989552
9.645,1.148977,1.5747182581808254,-2.4689626096226616,-0.42574125818082553,1367.7910171560943,-156.8100000001523
9.65,1.13750106,1.5708102838460922,-2.516776892114565,-0.4333092238460923,586.1961502094703,-91.07000000028722
9.655,1.12621007,1.567293106944832,-2.561341788304336,-0.441083036944832,-2540.183317575037,-0.21999999987099272
9.66,1.11510081,1.564166727477045,-2.5477765194776465,-0.44906591747704505,-1563.189733892111,-9.749999995990152
9.665,1.10418651,1.560258753142312,-2.600475523983301,-0.4560722431423121,2540.1833175750844,-103.00999999994735
9.67,1.09345988,1.5559599813741052,-2.6443684750163525,-0.46250010137410524,1953.9871673646487,-162.8400000076682
9.675,1.08289657,1.5520520070393715,-2.684631766290499,-0.46915543703937157,-976.9935836833827,-143.84000000022934
9.68,1.07247526,1.5487302288548483,-2.7238734191157974,-0.4762549688548483,-976.9935836823552,-60.98999999636993
9.685,1.06217741,1.544626855803378,-2.756489942799855,-0.4824494458033779,-781.5948669469072,25.05999999997357
9.69,1.05200311,1.5415004763355915,-2.738609257485213,-0.4894973663355915,195.39871673601678,15.880000000126643
9.695,1.04196804,1.537006305850648,-2.7812871854129084,-0.49503826585064803,976.9935836849145,-73.35999999611926
9.7,1.03206849,1.533489128949388,-2.8232647568768554,-0.501420638949388,976.993583682834,-116.37999999969594
9.705,1.02228434,1.529385755897918,-2.8579857620757263,-0.5071014158979181,976.993583680136,-40.880000007486956
9.71,1.01259804,1.5256731802799213,-2.89148528112369,-0.5130751402799212,-1953.9871673672997,85.57999999973691
9.715,1.00300993,1.5227421995288712,-2.875170753112333,-0.5197322695288713,-1953.9871673658504,97.07000000375808
9.72,0.99355088,1.5190296239108745,-2.8685526570511057,-0.5254787439108745,586.1961502103222,-34.99000000005316
9.725,0.98423039,1.515121649576141,-2.9726853438249194,-0.530891259576141,6.821210263296962e-13,-145.4999999998621
9.73,0.97502408,1.5116044726748812,-2.953615803182997,-0.5365803926748812,586.1961502103252,-143.04999999993896
9.735,0.96591073,1.5071103021899377,-3.04270402357645,-0.5411995721899376,1563.1897338935319,-77.21000000018262
9.74,0.95687214,1.503397726571941,-3.015378451985143,-0.546525586571941,1172.3923004209291,-34.9499999968852
9.745,0.9479079,1.499294353520471,-3.0501925210218435,-0.551386453520471,-1367.7910171562253,-58.080000000052536
9.75,0.93901785,1.4959725753359474,-3.0847308751062497,-0.5569547253359474,-3712.575617997947,-90.98000000619493
9.755,0.93018695,1.4928461958681607,-3.116814506788993,-0.5626592458681607,1758.588450632907,-72.77999999980543
9.76,0.92140313,1.4879612279497438,-3.13769103222012,-0.5665580979497439,3517.1769012622253,-13.049999997038213
9.765,0.9126569,1.4840532536150106,-3.161769462613188,-0.5713963536150106,-2930.9807510521878,23.35999999971628
9.77,0.9039552,1.4811222728639604,-3.1427232201392643,-0.5771670728639604,-976.9935836851998,10.7400000000263
9.775,0.8953047,1.4764327036622804,-3.220560910678024,-0.5811280036622805,3712.5756179976734,26.75000000039043
9.78,0.88669742,1.4725247293275467,-3.1923020778803424,-0.5858273093275468,-2344.7846008375986,68.5500000001611
9.785,0.87814109,1.4690075524262869,-3.2251029239577123,-0.5908664624262869,-5275.76535188893,8.490000002581326
9.79,0.86965654,1.4658811729585002,-3.2120252468668165,-0.5962246329585001,3907.9743347293497,-111.05999999999739
9.795,0.86123462,1.45943301530619,-3.3254854504183355,-0.5981983953061901,4884.967918412551,-103.78000000571117
9.8,0.85284105,1.45591583840493,-3.2903316931883206,-0.60307478840493,-1953.9871673661567,-1.5800000000924967
9.805,0.84447423,1.4516170666367234,-3.3106428846363958,-0.6071428366367234,-1953.9871673644288,19.810000002850046
9.81,0.83614717,1.447513693585253,-3.331133516139891,-0.611366523585253,-781.594866946056,-53.039999999953835
9.815,0.82785834,1.4436057192505198,-3.351442491196328,-0.6157473792505198,1367.7910171560961,-100.4399999996556
9.82,0.81959471,1.438720751332103,-3.4075059102136,-0.619126041332103,2149.385884104141,-26.40999999713324
9.825,0.81133391,1.4346173782806328,-3.413217074339688,-0.6232834682806329,-1367.7910171570245,110.20999999953196
9.83,0.80308323,1.4309048026626363,-3.3837712900663903,-0.6278215726626363,-2735.5820343160945,137.4799999942395
9.835,0.79487453,1.4268014296111662,-3.407222207918761,-0.6319268996111662,-586.1961502082652,24.810000000185397
9.84,0.78672294,1.4226980565596958,-3.428743056104317,-0.6359751165596959,2930.9807510516184,-81.60999999703066
9.845,0.77861768,1.4174222912078058,-3.481661861603063,-0.6388046112078059,1367.7910171546744,-74.07999999998664
9.85,0.77053865,1.4135143168730726,-3.489696766442969,-0.6429756668730726,-1563.1897338941035,4.24999999978796
9.855,0.76248175,1.4094109438216025,-3.4991579730089897,-0.6469291938216025,390.79743347430826,58.09999999997014
9.86,0.75445628,1.4047213746199223,-3.507606769521141,-0.6502650946199223,195.39871673658607,67.08000000031925
9.865,0.74647099,1.4012041977186624,-3.523045951568451,-0.6547332077186625,-1172.3923004175203,61.71000000265144
9.87,0.73853393,1.3967100272337187,-3.5346134769751902,-0.6581760972337187,-1172.3923004181713,56.119999999517574
9.875,0.73065248,1.392997451615722,-3.550413914365585,-0.6623449716157219,195.3987167323426,50.279999994561535
9.88,0.72283331,1.3883078824140422,-3.561687574393265,-0.6654745724140423,1563.1897338921801,33.81000000037079
9.885,0.71508234,1.3836183132123618,-3.5731161633326907,-0.6685359732123618,195.39871673914345,-11.979999997041261
9.89,0.7074047,1.3797103388776286,-3.588410257068719,-0.6723056388776286,976.9935836843478,-50.87000000017437
9.895,0.69979438,1.374629972242475,-3.631933674737593,-0.674835592242475,-586.1961502089035,-11.410000000182237
9.9,0.69223612,1.371112795341215,-3.638988136165878,-0.678876675341215,-3126.3794677879196,52.81999999994201
9.905,0.68473773,1.367009422289745,-3.633144764045972,-0.682271692289745,1953.987167364999,34.68000000012469
9.91,0.67731616,1.3619290556545915,-3.6599793547619663,-0.6846128956545916,4298.771768209987,7.130000002888892
9.915,0.66996521,1.3576302838863843,-3.666343071138804,-0.6876650738863843,-195.39871673594848,92.38999999985009
9.92,0.6626795,1.3541131069851249,-3.678352360186528,-0.6914336069851249,-3517.1769012645673,202.07999999470553
9.925,0.65548395,1.3507913288006017,-3.6976476136393615,-0.6953073788006017,-2540.183317575971,182.68999999980565
9.93,0.64841853,1.347469550616078,-3.711177495174898,-0.699051020616078,195.3987167388584,75.37000000255432
9.935,0.64149603,1.3429753801311346,-3.7192841096492986,-0.7014793501311346,195.3987167362991,-23.819999999690026
9.94,0.63471594,1.3394582032298743,-3.802526606228165,-0.7047422632298743,1953.9871673658504,-132.99000000011154
9.945,0.62807682,1.334377836594721,-3.74657418385846,-0.706301016594721,3126.3794677882033,-203.60999999781842
9.95,0.62154791,1.3302744635432509,-3.7831663894909657,-0.7087265535432509,-1367.7910171558535,-128.67999999975575
9.955,0.61509333,1.3269526853587277,-3.784800325758629,-0.7118593553587277,-1563.1897338965205,11.099999995203916
9.96,0.60871083,1.3230447110239942,-3.835850716439376,-0.7143338810239942,1172.3923004199685,63.0499999996718
9.965,0.60241688,1.3193321354059977,-3.846567376839324,-0.7169152554059977,-781.5948669446345,49.06000000268375
9.97,0.5962158,1.3162057559382108,-3.8616709589292735,-0.7199899559382108,-1563.189733893248,45.250000000296325
9.975,0.59011052,1.312688579036951,-3.9151874203576766,-0.7225780590369509,2.8467184165492654e-10,24.54999999969567
9.98,0.58411188,1.308976003418954,-3.920806479143888,-0.7248641234189539,2.8467184165492654e-10,-28.180000000120685
9.985,0.5782195,1.3054588265176938,-3.927248707413501,-0.7272393265176939,-976.9935836840632,-62.98999999991884
9.99,0.57242362,1.301355453466224,-3.9323193521623594,-0.7289318334662239,-586.1961502089039,-64.64999999806884
9.995,0.56671564,1.297642877848227,-3.9407451368279136,-0.730927237848227,2540.183317576118,-56.219999999791355
10.0,0.56108803,1.2923671124963367,-3.9423979506535183,-0.7312790824963368,1367.7910171532326,-48.19000000402934
10.005,0.55553429,1.2886545368783402,-3.95267924569782,-0.7331202468783402,-1953.9871673667697,-40.55000000024003
10.01,0.55004889,1.28455116382687,-3.961408501395857,-0.7345022738268701,976.9935836849157,-33.50999999774916
10.015,0.54462726,1.27986159462519,-3.967305497806057,-0.73523433462519,1953.987167367414,-27.2000000000356
10.02,0.53926565,1.2759536202904564,-3.976889515540136,-0.7366879702904564,-586.1961502101823,-13.980000000303193
10.025,0.53396104,1.27224104467246,-3.987207914570618,-0.7382800046724599,-1367.791017158226,12.47000000013577
10.03,0.52871111,1.2685284690544634,-3.997113936043239,-0.7398173590544633,-1563.1897338933918,26.98000000030993
10.035,0.52352165,1.2652066908699398,-4.013472604044183,-0.7416850408699398,-390.7974334707558,8.460000001662053
10.04,0.51839774,1.2609079191017332,-4.0083164645543,-0.7425101791017331,781.5948669473012,-14.82000000035498
10.045,0.51333607,1.2571953434837364,-4.024660291724399,-0.7438592734837364,1758.5884506274488,-12.000000003382183
10.05,0.508334,1.252701172998793,-4.019311175483761,-0.744367172998793,586.1961502083723,12.020000000320664
10.055,0.50338948,1.2489885973807964,-4.032677897026848,-0.7455991173807964,-2149.385884103145,38.47000000171141
10.06,0.49850789,1.245666819196273,-4.041379215876129,-0.747158929196273,586.1961502120269,72.47999999975951
10.065,0.4936939,1.2411726487113293,-4.043325201843597,-0.7474787487113292,2149.385884105419,105.83999999987674
10.07,0.48895788,1.2376554718100692,-4.049377921305494,-0.7486975918100691,-2540.1833175767406,71.30000000174687
10.075,0.48432181,1.234333693625546,-4.055946679240052,-0.750011883625546,-4103.373051471528,-39.26999999980768
10.08,0.47978981,1.230816516724286,-4.06087111647472,-0.751026706724286,781.5948669440644,-124.16000000321549
10.085,0.47534451,1.225931548805869,-4.055100789680899,-0.7505870388058691,4884.967918416735,-120.28000000015149
10.09,0.47096441,1.2210465808874524,-4.056264143127581,-0.7500821708874524,2930.9807510521878,-63.42999999844952
10.095,0.46663784,1.2167478091192456,-4.057229711751394,-0.7501099691192457,-1953.9871673659925,-3.2799999998918565
10.1,0.4623614,1.213230632217985,-4.060511544295411,-0.7508692322179851,-4103.373051470844,27.27000000007331
10.105,0.45813837,1.2097134553167257,-4.04717396545152,-0.7515750853167257,-195.39871673729547,-4.070000000026766
10.11,0.4539775,1.2054146835485189,-4.050165194110811,-0.751437183548519,4689.569201680458,-61.990000000098405
10.115,0.44987337,1.2007251143468387,-4.060668838627373,-0.7508517443468388,1953.9871673679822,-54.8099999985414
10.12,0.44580864,1.197403336162315,-4.063097611334189,-0.7515946961623151,-3517.1769012598206,1.420000000148832
10.125,0.44178085,1.1944723554112653,-4.048720098054732,-0.7526915054112653,-2344.7846008428614,12.229999997043194
10.13,0.43780001,1.191150577226742,-4.055726170978998,-0.7533505672267419,390.7974334733096,1.929999999774509
10.135,0.43386223,1.1874380016087451,-4.073303493437277,-0.7535757716087451,-976.9935836809354,34.880000001538036
10.14,0.42996384,1.1843116221409582,-4.077312438089944,-0.7543477821409582,-2540.1833175771685,39.20000000022358
10.145,0.42611944,1.1800128503727516,-4.072824761715414,-0.7538934103727516,390.79743347117983,-40.13000000007696
10.15,0.42233501,1.1759094773212817,-4.068900129240557,-0.7535744673212816,6448.157652311995,-89.22000000020165
10.155,0.41859168,1.169656718385708,-4.054146096411061,-0.751065038385708,1953.9871673696873,-35.82999999992083
10.16,0.41487339,1.1663349402011849,-4.055878988306863,-0.7514615502011849,-5471.164068626655,4.850000001470534
10.165,0.41118973,1.1628177632999248,-4.064314405421211,-0.7516280332999248,586.1961502070379,-35.66000000007388
10.17,0.40754315,1.1575419979480346,-4.053097447782148,-0.7499988479480346,3126.379467783667,-64.10000000272467
10.175,0.40391844,1.1540248210467745,-4.057325540308578,-0.7501063810467745,-1367.7910171554854,-30.46999999992792
10.18,0.40030863,1.1501168467120408,-4.05359881835832,-0.7498082167120408,-976.9935836820745,20.420000001382093
10.185,0.39671371,1.1464042710940443,-4.04883368599746,-0.7496905610940443,-390.7974334745919,51.479999999984855
10.19,0.39313936,1.1426916954760478,-4.021304418755968,-0.7495523354760478,-976.9935836830676,43.900000000007196
10.195,0.38959596,1.1389791198580508,-4.022136725684311,-0.7493831598580507,195.39871673871713,9.390000001234583
10.2,0.38608682,1.1348757468065809,-4.020583427569636,-0.7487889268065808,1563.1897338928293,-14.220000000069945
10.205,0.38260909,1.1307723737551107,-4.01761939581329,-0.7481632837551108,195.39871673364146,-17.110000002563368
10.21,0.3791604,1.1268643994203773,-4.014716499477569,-0.7477039994203774,-1758.5884506299753,-13.829999999877643
10.215,0.37573888,1.1233472225191172,-4.013253314600247,-0.7476083425191172,1.5624880350040326e-09,-6.099999998665808
10.22,0.37234299,1.1188530520341735,-4.006840652614918,-0.7465100620341736,1563.189733893675,15.569999999913037
10.225,0.3689715,1.1149450776994403,-4.002730669695352,-0.7459735776994403,-781.5948669464821,33.7500000000543
10.23,0.36562849,1.1108417046479702,-3.966715125410533,-0.7452132146479702,-1953.9871673671298,8.44999999998224
10.235,0.36232252,1.1071291290299736,-3.972753930268653,-0.7448066090299736,1367.7910171553854,-43.120000000201884
10.24,0.35905065,1.1020487623948203,-3.995593407619815,-0.7429981123948203,3126.379467788346,-55.97999999892832
10.245,0.35580039,1.09794538934335,-3.986431990066584,-0.74214499934335,6.68251232127659e-10,-26.189999999756964
10.25,0.35256635,1.09384201629188,-3.977680717989041,-0.74127566629188,-2930.9807510534347,-0.8000000021026352
10.255,0.34934913,1.0905202381073569,-3.9732664355272354,-0.7411711081073569,-1172.3923004186324,5.7099999998046655
10.26,0.3461494,1.0862214663391498,-3.964488168088154,-0.7400720663391498,1367.791017159079,6.1000000010133135
10.265,0.34296794,1.0819226945709433,-3.955962165558064,-0.7389547545709432,-390.7974334741642,6.3300000000774475
10.27,0.33980551,1.0780147202362098,-3.94946614271721,-0.7382092102362099,-390.7974334740222,2.0600000000579115
10.275,0.33666292,1.0735205497512663,-3.940173671837695,-0.7368576297512663,2540.183317577169,-10.469999999998265
10.28,0.33354101,1.0688309805495864,-3.9298818564782048,-0.7352899705495863,1758.588450630545,-7.570000000073492
10.285,0.33043613,1.064923006214853,-3.9486629764671,-0.7344868762148529,-1172.3923004190847,34.89000000108629
10.29,0.32734543,1.0612104305968562,-3.909131628495668,-0.7338650005968561,-2540.183317576646,74.5000000000645
10.295,0.32428,1.0578886524123328,-3.874791566036856,-0.7336086524123328,-390.7974334753803,58.10999999777607
10.3,0.32125366,1.053980678077599,-3.8803568727948585,-0.7327270180775991,2735.582034313647,16.900000000055968
10.305,0.31826903,1.0498773050261292,-3.880959330252524,-0.7316082750261292,781.5948669483286,8.010000001164315
10.31,0.31532381,1.0467509255583425,-3.8834776700242815,-0.7314271155583425,-3126.379467786923,18.279999999855676
10.315,0.31242012,1.0436245460905555,-3.850700985259281,-0.7312044260905555,-2149.3858841042816,5.809999999968795
10.32,0.30956389,1.0403027679060324,-3.858815970172832,-0.7307388779060324,1563.1897338950953,-9.729999998917947
10.325,0.30675155,1.0360039961378256,-3.888622926242633,-0.7292524461378256,976.993583684832,-1.9099999999705233
10.33,0.30397971,1.0324868192365655,-3.8852315470092615,-0.7285071092365655,-976.9935836856768,-6.630000002057244
10.335,0.30125359,1.028578844901832,-3.899370204683377,-0.7273252549018321,781.59486694612,-26.850000000001984
10.34,0.29856936,1.0242800731336257,-3.8797441174286753,-0.7257107131336257,1.7055299394996837e-09,-19.749999998916024
10.345,0.29591961,1.020372098798892,-3.863554828732034,-0.724452488798892,-1758.5884506289829,-4.930000000129468
10.35,0.29330599,1.0164641244641586,-3.819496171028337,-0.7231581344641586,2149.3858841024376,-19.46000000003781
10.355,0.29072986,1.0113837578290052,-3.837849797273212,-0.7206538978290052,3907.9743347326967,-32.05999999981138
10.36,0.28818467,1.0072803847775351,-3.822458802167114,-0.7190957147775352,-781.5948669456307,-8.650000000011246
10.365,0.28566488,1.003763207876275,-3.8109172816884858,-0.718098327876275,-4494.170484942025,22.180000000738872
10.37,0.28317334,1.0006368284084883,-3.772426329256668,-0.7174634884084883,-1953.987167367086,21.800000000004474
10.375,0.28071602,0.9967288540737548,-3.769837737523839,-0.7160128340737548,2930.980751046911,-0.850000001724851
10.38,0.27829418,0.9920392848720748,-3.761080339207113,-0.7137451048720749,781.5948669440528,-16.179999999980737
10.385,0.27590508,0.9883267092540782,-3.755462650032196,-0.7124216292540781,-2540.183317576318,-17.919999999095026
10.39,0.27354634,0.9844187349193448,-3.74794638043933,-0.7108723949193448,2149.3858841057036,-15.580000000029003
10.395,0.27121588,0.9793383682841912,-3.733666940415044,-0.7081224882841912,3126.37946778849,-13.469999999956102
10.4,0.2689119,0.9752349952327212,-3.7235549886672894,-0.7063230952327212,-3517.176901261657,-14.759999999968159
10.405,0.26663284,0.9719132170481978,-3.7168000778172896,-0.7052803770481978,-2149.3858841058473,-22.170000000088734
10.41,0.26437739,0.9676144452799912,-3.704893920186733,-0.7032370552799911,4298.7717682089915,-21.719999999270712
10.415,0.2621412,0.9625340786448376,-3.715852331144961,-0.7003928786448377,1563.1897338964027,-1.6199999999047918
10.42,0.25992064,0.9594076991770508,-3.6738804194466015,-0.6994870591770508,-2930.9807510525866,15.349999998440907
10.425,0.25771924,0.9554997248423176,-3.665621764484419,-0.6977804848423176,-2344.7846008412025,9.87999999989978
10.43,0.25554003,0.952177946657794,-3.659686791557624,-0.6966379166577941,390.7974334743064,-1.5299999991919435
10.435,0.25338231,0.9478791748895872,-3.6483277439289847,-0.6944968648895872,2344.784600840726,-1.6499999999548436
10.44,0.25124544,0.9435804031213804,-3.636440032688365,-0.6923349631213804,-2149.3858841021533,4.6800000000137345
10.445,0.24912888,0.9400632262201204,-3.628062062194396,-0.6909343462201204,-2735.5820343119067,-2.079999999296618
10.45,0.24703522,0.9359598531686504,-3.588065411425163,-0.6889246331686504,5861.961502097371,-20.049999999979534
10.455,0.24496363,0.9299024929498136,-3.62857769540611,-0.6849388629498137,3517.1769012563473,-16.940000001460675
10.46,0.24290729,0.9265807147652902,-3.5848122849839887,-0.6836734247652902,-5080.366635152985,4.289999999947767
10.465,0.24086651,0.9232589365807669,-3.5768239717746195,-0.6823924265807668,-2540.1833175753236,13.160000000809816
10.47,0.23884471,0.91896016481256,-3.5639565246410285,-0.6801154548125601,781.5948669464806,14.060000000030016
10.475,0.23684181,0.9150521904778268,-3.5526068549110814,-0.6782103804778268,1758.5884506288392,17.47999999988518
10.48,0.23486064,0.9105580199928834,-3.511130429928787,-0.6756973799928834,3517.176901260378,22.710000000040182
10.485,0.23290359,0.90606384950794,-3.5309643881018613,-0.67316025950794,-195.3987167345955,32.06000000006037
10.49,0.23097256,0.9031328687568898,-3.5262142180426728,-0.6721603087568898,-3321.77818452223,28.41000000053468
10.495,0.22907456,0.8998110905723665,-3.514718565543479,-0.6707365305723665,-1172.3923004210028,2.860000000005556
10.5,0.22721253,0.8964893123878431,-3.503656402717363,-0.6692767823878432,586.1961502075865,-13.26000000119484
10.505,0.22538313,0.8929721354865829,-3.4918584180168453,-0.667589005486583,976.9935836834243,3.110000000025252
10.51,0.22358341,0.889454958585323,-3.480277258953705,-0.6658715485853229,-781.5948669449187,27.48000000060938
10.515,0.22181604,0.8861331804007996,-3.4724671792518174,-0.6643171404007996,-3907.9743347339736,18.349999999963217
10.52,0.22008831,0.8830068009330129,-3.462668246909195,-0.6629184909330128,-1953.9871673678404,-26.499999999992255
10.525,0.21840077,0.8785126304480694,-3.4463099666883616,-0.6601118604480694,4298.77176820828,-66.29999999997914
10.53,0.21674558,0.8732368650961793,-3.4503914323559077,-0.6564912850961793,6057.360218837546,-65.00000000002876
10.535,0.21511082,0.8681564984610259,-3.447150679358761,-0.6530456784610259,586.1961502097556,-29.56999999949013
10.54,0.21348892,0.8644439228430292,-3.399579535028222,-0.6509550028430292,-3712.5756179966093,-1.9299999999698585
10.545,0.21188119,0.8611221446585058,-3.387389682056819,-0.6492409546585058,-1758.5884506321356,-1.7500000010881038
10.55,0.21028876,0.8572141703237723,-3.373178711637569,-0.6469254103237724,586.1961502099698,-6.960000000002644
10.555,0.20870995,0.8536969934225123,-3.361250161125978,-0.6449870434225122,195.39871673786348,1.0600000005923818
10.56,0.20714335,0.8497890190877789,-3.347681220509417,-0.6426456690877789,-1563.1897338941026,12.7499999999972
10.565,0.20559014,0.8464672409032555,-3.3128415363659327,-0.6408771009032556,-1172.392300420646,7.859999999980033
10.57,0.20405375,0.8423638678517854,-3.305764726073677,-0.6383101178517854,1758.5884506323926,-15.6399999994511
10.575,0.20253451,0.8378696973668419,-3.2947379983354383,-0.6353351873668419,2149.3858841038964,-35.06000000005447
10.58,0.20102782,0.8337663243153719,-3.3072363323857887,-0.6327385043153719,781.5948669434974,-29.340000001099074
10.585,0.19952742,0.8296629512639019,-3.28854517833937,-0.6301355312639019,-195.39871673662276,-2.839999999927368
10.59,0.1980305,0.8261457743626417,-3.273955994315895,-0.6281152743626417,-1563.189733891828,19.36000000053964
10.595,0.19653953,0.8226285974613817,-3.237110719002831,-0.6260890674613817,-2149.3858841039987,18.99999999995663
10.6,0.19505895,0.8193068192768583,-3.2318611073125965,-0.6242478692768583,781.5948669457723,6.7500000000827
10.605,0.1935902,0.8152034462253882,-3.2211574325965264,-0.6216132462253883,2735.582034313328,5.420000000065052
10.61,0.19213217,0.8111000731739182,-3.2092559541886883,-0.6189679031739181,-1367.791017155385,13.409999999858314
10.615,0.19068618,0.808169092422868,-3.179584252435472,-0.617482912422868,-3126.3794677840833,11.050000000452322
10.62,0.18925558,0.8042611180881346,-3.174188506220448,-0.6150055380881346,1563.189733892379,-0.09999999993505782
10.625,0.18784088,0.8001577450366647,-3.165204194095294,-0.6123168650366647,3712.5756179926802,-2.8500000010104145
10.63,0.18644023,0.7956635745517212,-3.152432863468233,-0.6092233445517212,-781.5948669478558,-2.6199999999822836
10.635,0.1850542,0.7927325938006711,-3.123931009096982,-0.6076783938006711,-3907.974334732269,-13.049999999489089
10.64,0.18368327,0.7890200181826744,-3.141493073577041,-0.6053367481826744,-976.9935836830691,-21.689999999950402
10.645,0.18232352,0.7851120438479411,-3.1270287193116544,-0.6027885238479411,2540.1833175766,-15.670000000014756
10.65,0.18097165,0.7804224746462608,-3.10823854903719,-0.5994508246462608,2344.7846008400165,-3.9300000001325515
10.655,0.17962715,0.7763191015947909,-3.092431369313476,-0.5966919515947908,195.39871673686832,7.770000000065064
10.66,0.1782897,0.7724111272600575,-3.077841432578548,-0.5941214272600575,-390.7974334718916,21.28000000052397
10.665,0.17696116,0.7686985516420607,-3.0431389466299974,-0.5917373916420607,-195.398716736476,38.049999999945314
10.67,0.17564519,0.7651813747408006,-3.036524368038473,-0.5895361847408006,-586.1961502125617,61.22999999910237
10.675,0.17434683,0.7618595965562772,-3.026416786953815,-0.5875127665562772,-781.5948669468777,81.64000000001889
10.68,0.17307617,0.7585378183717539,-3.01631654409699,-0.585461648371754,-390.7974334724593,83.63000000045804
10.685,0.17184539,0.7552160401872305,-3.0059420296966537,-0.5833706501872306,586.1961502103233,70.15999999996922
10.69,0.17066428,0.7516988632859705,-2.9943132169857085,-0.5810345832859705,586.1961502108917,53.860000000016186
10.695,0.16954047,0.748377085101447,-2.9831695868751384,-0.578836615101447,-390.7974334724593,39.36000000035182
10.7,0.16847968,0.7452507056336604,-2.972759786704978,-0.5767710256336603,-390.7974334741646,26.549999999922704
10.705,0.16748593,0.741928927449137,-2.9610951371241234,-0.574442997449137,-390.7974334752282,15.409999999285617
10.71,0.16656173,0.7388025479813501,-2.9500592684895106,-0.5722408179813502,-195.39871673630014,5.830000000072346
10.715,0.16570832,0.7354807697968269,-2.937721241906909,-0.5697724497968268,781.5948669473344,-2.389999999579004
10.72,0.16492584,0.7319635928955668,-2.9240565094810997,-0.5670377528955668,586.1961502100396,-9.319999999988454
10.725,0.16421347,0.72883721342778,-2.9118015955686225,-0.56462374342778,-390.7974334727444,-15.050000000017064
10.73,0.16356962,0.7255154352432566,-2.89833884863579,-0.5619458152432566,-1367.7910171569488,-19.720000000021685
10.735,0.16299206,0.7225844544922065,-2.8865125997666112,-0.5595923944922065,-390.79743347444753,-23.370000000043518
10.74,0.16247802,0.7190672775909466,-2.8715076672919206,-0.5565892575909466,1563.1897338945282,-26.149999999916844
10.745,0.16202437,0.7153547019729498,-2.85521537073858,-0.5533303319729498,390.7974334744447,-28.21999999998411
10.75,0.16162767,0.712228322505163,-2.841535287684017,-0.550600652505163,-586.1961502119989,-29.570000000200025
10.755,0.16128425,0.7087111456039029,-2.825685724602701,-0.5474268956039029,390.7974334733077,-30.309999999996535
10.76,0.16099035,0.7053893674193795,-2.810537912464736,-0.5443990174193796,1.421652082082348e-09,-30.56999999991328
10.765,0.16074213,0.7020675892348561,-2.7951716659008343,-0.5413254592348561,-586.1961502100385,-30.389999999941438
10.77,0.16053575,0.6989412097670694,-2.7805636611842908,-0.5384054597670694,-2.8378985684919357e-10,-29.859999999965197
10.775,0.16036744,0.6954240328658093,-2.7638405664533705,-0.5350565928658093,-1.4168222151056398e-10,-29.000000000146827
10.78,0.16023348,0.6922976533980226,-2.748860746075453,-0.5320641733980226,195.39871673615804,-27.870000000015438
10.785,0.16013032,0.6887804764967627,-2.731811514577768,-0.5286501564967627,586.1961502111753,-26.599999999864508
10.79,0.16005454,0.6854586983122393,-2.7155733099468407,-0.5254041583122393,-195.3987167357317,-25.200000000001424
10.795,0.1600029,0.6823323188444524,-2.700190985560783,-0.5223294188444525,-195.3987167391766,-23.650000000047157
10.8,0.15997233,0.6790105406599292,-2.683745665568241,-0.5190382106599292,-5.680069511521289e-10,-22.010000000031653
10.805,0.15995998,0.6758841611921423,-2.6681667505182536,-0.5159241811921423,-586.1961502086195,-20.37000000003262
10.81,0.1599632,0.6727577817243556,-2.652519439162185,-0.5127945817243557,-195.39871673644367,-18.749999999930452
10.815,0.15997955,0.6694360035398322,-2.635839260539177,-0.5094564535398323,390.79743347345527,-17.10999999993207
10.82,0.16000678,0.6661142253553088,-2.619094868233544,-0.5061074453553088,195.39871673786433,-15.47000000011133
10.825,0.16004286,0.6627924471707854,-2.6023060121688286,-0.5027495871707854,-2.8421709430313736e-10,-13.900000000045555
10.83,0.16008596,0.6594706689862622,-2.5853153566948075,-0.4993847089862622,-2.700062395887959e-09,-12.419999999835875
10.835,0.16013444,0.6561488908017388,-2.568379371590659,-0.4960144508017388,-195.39871673672704,-11.000000000005402
10.84,0.16018684,0.6528271126172153,-2.5514661859585237,-0.49264027261721527,195.39871673800545,-9.630000000129668
10.845,0.16024187,0.6495053344326919,-2.534561009185812,-0.48926346443269186,586.1961502102516,-10.339999999971372
10.85,0.16029842,0.6459881575314318,-2.5166915991588468,-0.4856897375314318,-1172.3923004195808,-20.72999999999415
10.855,0.16035552,0.6430571767803818,-2.501716705747995,-0.4827016567803818,-1758.588450629833,-46.94000000004397
10.86,0.16041036,0.6395399998791217,-2.465917600556413,-0.4791296398791217,195.3987167360874,-77.94999999991224
10.865,0.16045466,0.6356320255443884,-2.453895517543548,-0.4751773655443884,390.7974334745196,-92.63999999991451
10.87,0.16047572,0.6317240512096549,-2.4392292079676783,-0.4712483312096549,7.150902092689648e-11,-85.65000000008078
10.875,0.16046134,0.6274252794414481,-2.420742689718947,-0.4669639394414481,1563.1897338901936,-68.6200000000911
10.88,0.16040186,0.6229311089565047,-2.400006599714225,-0.4625292489565047,1758.5884506298414,-53.08999999999685
10.885,0.16028991,0.6184369384715612,-2.378736949723975,-0.4581470284715612,-195.39871673509265,-44.60999999997571
10.89,0.16012016,0.6147243628535647,-2.360834850372571,-0.4546042028535647,-781.5948669465541,-38.619999999982014
10.895,0.15988728,0.6104255910853578,-2.358275361835154,-0.4505383110853578,-781.5948669461279,-24.00999999997299
10.9,0.15958601,0.6069084141840977,-2.3355851081838237,-0.4473224041840977,-1758.5884506306868,-4.070000000009543
10.905,0.15921483,0.6026096424158911,-2.31065561621457,-0.44339481241589107,-976.9935836844163,4.169999999934419
10.91,0.1587754,0.5987016680811577,-2.289028955985818,-0.43992626808115765,2930.980751052826,-1.0299999997444047
10.915,0.15826849,0.5932305040125309,-2.278167890987421,-0.4349620140125309,3321.778184524999,-0.32999999999009333
10.92,0.1576925,0.5891271309610607,-2.269249913365904,-0.4314346309610607,-781.5948669494844,16.969999999539652
10.925,0.15704723,0.5852191566263274,-2.241684444081,-0.4281719266263274,-1563.189733893481,37.730000000047426
10.93,0.15633698,0.5815065810083306,-2.2181574330657536,-0.4251696010083307,-586.1961502086884,47.85000000023334
10.935,0.15556802,0.577794005390334,-2.19703470123852,-0.42222598539033396,-586.1961502098964,49.009999999987144
10.94,0.15474657,0.5742768284890738,-2.1787214003337847,-0.41953025848907377,390.7974334732422,49.11999999995828
10.945,0.15387871,0.5703688541543405,-2.1598132115198365,-0.4164901441543405,1.1381473541405285e-09,53.11000000034696
10.95,0.15297028,0.5668516772530804,-2.1438197591265435,-0.4138813972530804,-976.9935836831728,57.25000000005119
10.955,0.15202842,0.5633345003518203,-2.1122813410533414,-0.4113060803518203,-2.8336444302112795e-09,50.73999999931283
10.96,0.15106122,0.5592311273003503,-2.099559825652854,-0.4081699073003503,-4.539515430224128e-10,32.42999999995462
10.965,0.1500744,0.5557139503990901,-2.088802392937981,-0.4056395503990901,-390.79743347224763,16.65000000034766
10.97,0.14907013,0.5514151786308834,-2.0892436489113626,-0.4023450486308834,390.79743347324234,15.270000000012132
10.975,0.14804908,0.5475072042961501,-2.070698660228596,-0.3994581242961501,976.9935836833522,22.969999999987714
10.98,0.14701366,0.5430130338112066,-2.0500896726333058,-0.3959993738112066,390.79743347324074,27.64000000000986
10.985,0.14596773,0.5391050594764732,-2.033066071571721,-0.3931373294764733,-781.5948669465542,25.28999999999196
10.99,0.14491478,0.5350016864250031,-2.0156483375266445,-0.3900869064250031,781.5948669481163,18.650000000413847
10.995,0.14385799,0.5308983133735331,-1.998574889176798,-0.3870403233735331,2540.1833175762904,15.590000000020193
11.0,0.14279878,0.5265995416053263,-1.9956891975028508,-0.3838007616053263,-976.9935836858032,21.229999999176265
11.005,0.14173851,0.5236685608542763,-1.9656270415079435,-0.3819300508542762,-4689.569201679936,25.729999999980617
11.01,0.14068125,0.5203467826697529,-1.954209594567682,-0.3796655326697529,-781.5948669463402,20.760000000397802
11.015,0.13963052,0.5164388083350194,-1.9397597171079464,-0.37680828833501945,4298.771768207358,12.130000000017471
11.02,0.13858792,0.5115538404166027,-1.920131610931952,-0.3729659204166027,1563.1897338946696,3.610000000034141
11.025,0.13755478,0.508427460948816,-1.908940740263452,-0.370872680948816,-2344.784600840441,-3.410000000042025
11.03,0.13653092,0.5045194866140825,-1.9078511294428653,-0.3679885666140825,-3126.379467786994,-2.6300000000213757
11.035,0.1355149,0.5011977084295592,-1.89117871252936,-0.36568280842955925,-1367.7910171544613,4.69000000043399
11.04,0.13450684,0.4968989366613524,-1.870685872105755,-0.3623920966613524,3907.97433473236,9.419999999993998
11.045,0.13350825,0.4916231713094623,-1.8461663615919288,-0.3581149213094623,3712.5756179926766,9.229999999221029
11.05,0.13252037,0.4873243995412556,-1.8269648575400452,-0.3548040295412556,-1758.5884506304662,7.640000000009451
11.055,0.13154425,0.4836118239232588,-1.8111329575902984,-0.3520675739232588,-2149.3858841020824,5.000000000379217
11.06,0.13058074,0.4795084508717888,-1.793629407455498,-0.34892771087178875,390.79743347345504,-0.9299999999971504
11.065,0.12963054,0.4754050778203187,-1.7762690924365747,-0.34577453782031875,390.7974334738103,-7.069999999985058
11.07,0.12869295,0.4713017047688486,-1.771778062591019,-0.34260875476884856,-195.39871673530638,-6.119999999718679
11.075,0.12776619,0.4673937304341152,-1.7517200859473547,-0.3396275404341152,781.594866946134,1.819999999996547
11.08,0.12684993,0.4630949586659084,-1.7307988805617416,-0.3362450286659084,1172.3923004172377,10.619999999424337
11.085,0.12594508,0.4593823830479117,-1.7135963860586765,-0.3334373030479117,-586.1961502102513,14.279999999960893
11.09,0.1250535,0.455669807429915,-1.6846878291327878,-0.330616307429915,-2540.1833175753927,6.9400000002774505
11.095,0.12417783,0.4525434279621283,-1.6750644160211736,-0.32836559796212833,-1172.39230041951,-6.079999999943659
11.1,0.12331794,0.4484400549106582,-1.6718252698858005,-0.3251221149106582,1367.7910171566623,-10.180000000019774
11.105,0.12247138,0.4443366818591881,-1.652278551361686,-0.3218653018591881,-4.980620360583998e-10,-5.5500000000387715
11.11,0.12163717,0.440233308807718,-1.6332079997549118,-0.318596138807718,-781.5948669470499,-4.739999999934703
11.115,0.12081555,0.4361299357562479,-1.614560968835391,-0.31531438575624793,1367.791017158653,-8.409999999710642
11.12,0.12000564,0.4310495691210946,-1.6026723739676425,-0.3110439291210946,1367.791017157911,-7.270000000037335
11.125,0.1192056,0.4271415947863611,-1.5821118547116422,-0.30793599478636113,781.5948669439251,-1.0300000005795553
11.13,0.11841494,0.4222566268679443,-1.5580059994789457,-0.3038416868679443,781.5948669458792,3.0700000000006185
11.135,0.11763426,0.4187394499666843,-1.5412355156601218,-0.3011051899666843,-976.9935836819326,3.2200000003082394
11.14,0.11686404,0.4146360769152142,-1.522282968067951,-0.2977720369152142,-2149.385884103574,2.1800000000205486
11.145,0.1161046,0.4117050961641642,-1.5097672316280295,-0.2956004961641642,-586.1961502106066,0.23000000000548937
11.15,0.11535616,0.4072109256792208,-1.4897803337066875,-0.2918547656792208,976.9935836834228,-4.400000000046752
11.155,0.1146188,0.4038891474946974,-1.4757473027715655,-0.2892703474946974,1367.7910171569474,-9.27000000002613
11.16,0.11389153,0.3993949770097539,-1.4666608908328174,-0.2855034470097539,8.529355000064243e-10,-8.469999999718784
11.165,0.11317246,0.3962685975419672,-1.4507547428347831,-0.28309613754196716,-976.9935836837678,-2.8799999999818375
11.17,0.11246088,0.3925560219239705,-1.432944149806462,-0.2800951419239705,-195.39871673908848,0.8499999994703096
11.175,0.11175711,0.3888434463059737,-1.415876147230311,-0.2770863363059737,-1953.9871673676896,0.9999999999852598
11.18,0.11106133,0.3857170668381871,-1.402241661178225,-0.27465573683818706,-1172.3923004200778,0.14000000030392457
11.185,0.1103736,0.3814182950699803,-1.383175013749495,-0.2710446950699803,3517.176901261374,0.400000000020448
11.19,0.10969388,0.3769241245850368,-1.363316708327102,-0.26723024458503686,2930.9807510514065,3.4399999999657993
11.195,0.10902207,0.3728207515335668,-1.3455449452262525,-0.2637986815335668,-2930.9807510498413,5.9300000001806765
11.2,0.10835893,0.3696943720657801,-1.3222961511432294,-0.2613354420657801,-3321.778184524424,1.2799999999957095
11.205,0.10770596,0.3659817964477834,-1.3097547307734976,-0.2582758364477834,2735.5820343102223,-5.570000000395957
11.21,0.10706241,0.3610968285293666,-1.300953512585825,-0.2540344185293666,3126.379467785739,-4.599999999978692
11.215,0.10642655,0.3575796516281065,-1.2744271396342033,-0.2511531016281065,-1758.5884506283421,-1.759999999802229
11.22,0.10579875,0.3538670760101098,-1.2607170628393023,-0.2480683260101098,-3712.575617996964,-6.950000000021234
11.225,0.10517924,0.3507406965423231,-1.2494441401859593,-0.2455614565423231,-1563.1897338942435,-15.009999999993543
11.23,0.10456619,0.3462465260573797,-1.2412291562199442,-0.2416803360573797,2540.1833175773827,-16.839999999974335
11.235,0.10395708,0.3417523555724363,-1.2193434087039057,-0.2377952755724363,4494.170484943944,-10.569999999994774
11.24,0.10334972,0.3366719889372828,-1.2052764490735135,-0.23332226893728278,1367.7910171572319,-0.3699999998120207
11.245,0.10274323,0.3331548120360227,-1.1759296118980715,-0.2304115820360227,-2344.784600840124,5.4099999999814425
11.25,0.10213877,0.3296376351347627,-1.160974526818781,-0.2274988651347627,-2344.784600842425,3.619999999582613
11.255,0.10153732,0.3263158569502393,-1.1471114478393285,-0.2247785369502393,-1172.392300419868,0.2000000000119524
11.26,0.10093875,0.3227986800489792,-1.132267059447742,-0.22185993004897922,-586.1961502087945,-0.809999999784452
11.265,0.10034297,0.3188907057142458,-1.1155651164282223,-0.21854773571424582,390.79743347377484,-0.6599999999858284
11.27,0.09974986,0.3149827313795124,-1.0984885357162777,-0.21523287137951239,2540.1833175763513,-0.4699999999858022
11.275,0.09915937,0.3102931621778323,-1.077592842292254,-0.21113379217783232,1758.5884506291948,-0.3000000000241485
11.28,0.09857144,0.3065805865598356,-1.0616840197385178,-0.2080091465598356,-1953.98716736617,-0.14000000001977675
11.285,0.09798605,0.3030634096585755,-1.0466918129265324,-0.2050773596585755,-2540.1833175746824,-0.029999999782138076
11.29,0.09740319,0.2993508340405788,-1.03073055843447,-0.20194764404057877,390.7974334728598,0.02999999997576097
11.295,0.09682287,0.2952474609891087,-1.0127613569895466,-0.1984245909891087,1953.9871673632733,0.12999999958312003
11.3,0.09624508,0.2907532905041653,-0.9927922649758856,-0.19450821050416534,-586.1961502109866,-0.6299999999530108
11.305,0.09566986,0.2872361136029052,-0.977644652582642,-0.1915662536029052,-976.9935836825373,-3.919999999802135
11.31,0.09509724,0.2827419431179618,-0.9576846975011116,-0.1876447031179618,1758.5884506302968,-7.560000000009072
11.315,0.09452639,0.2784431713497551,-0.9480862935332744,-0.1839167813497551,1172.3923004206488,-6.230000000009597
11.32,0.09395575,0.274339798298285,-0.927342046905795,-0.18038404829828497,-1563.1897338919694,-0.709999999823741
11.325,0.0933849,0.2706272226802882,-0.909251500126368,-0.17724232268028822,-586.1961502104494,3.920000000031761
11.33,0.09281438,0.2667192483455549,-0.8908874298910976,-0.17390486834555488,2344.7846008367296,6.809999999628504
11.335,0.09224468,0.2622250778606114,-0.8700509445438047,-0.1699803978606114,-1.5498358152399305e-09,7.389999999994058
11.34,0.09167705,0.2592940971095614,-0.8477928645065316,-0.16761704710956143,-2344.784600839126,5.220000000143903
11.345,0.09111254,0.2555815214915646,-0.8433908030592053,-0.16446898149156458,195.39871673736624,4.130000000000194
11.35,0.09055115,0.2520643445903046,-0.8182205919568973,-0.16151319459030458,586.1961502103579,3.950000000081495
11.355,0.0899937,0.2483517689723079,-0.8043578040512029,-0.15835806897230792,-1172.3923004201856,2.0399999999832676
11.36,0.08944081,0.2452253895045211,-0.7928486374445914,-0.15578457950452113,-5.681463242599491e-10,2.0999999999383405
11.365,0.08889211,0.2411220164530511,-0.7761142486479317,-0.1522299064530511,586.1961502111407,3.800000000193833
11.37,0.08834807,0.237604839551791,-0.7525574425103573,-0.14925676955179099,-586.1961502095737,-0.7899999999616227
11.375,0.08780987,0.2338922639337942,-0.7399417031281118,-0.14608239393379419,-2.8322233447397593e-09,-9.790000000346911
11.38,0.08727673,0.2297888908823242,-0.7338519995117588,-0.1425121608823242,1172.3923004199069,-11.29000000003766
11.385,0.08674619,0.2260763152643274,-0.7168939707090514,-0.1393301252643274,1367.7910171581564,-3.8299999998514798
11.39,0.086217,0.2217775434961207,-0.6972303987916348,-0.13556054349612068,-1172.3923004207873,1.7400000000479299
11.395,0.08568978,0.2188465627450706,-0.6751911010474619,-0.13315678274507062,-1953.9871673672355,1.3399999999917958
11.4,0.08516505,0.2149385884103372,-0.6699660260088158,-0.12977353841033717,1563.189733893958,0.9399999999536757
11.405,0.08464238,0.2110306140756039,-0.6426380447832721,-0.1263882340756039,976.9935836840954,1.4400000000415183
11.41,0.08412222,0.2073180384576071,-0.6285307004060409,-0.1231958184576071,-2149.3858841024003,-0.6499999997799595
11.415,0.08360493,0.2041916589898204,-0.6168181890279854,-0.1205867289898204,-586.1961502112055,-4.0900000000127354
11.42,0.08308995,0.1998928872216136,-0.5990252244995958,-0.11680293722161361,1563.1897338903073,-7.770000000384798
11.425,0.08257678,0.1961803116036169,-0.583693232650568,-0.1136035316036169,1563.1897338939316,-10.729999999997371
11.43,0.08206415,0.1920769385521468,-0.5751863650740986,-0.1100127885521468,-390.79743347093137,-8.82999999982249
11.435,0.08155016,0.1885597616508867,-0.5575561669517204,-0.1070096016508867,-3126.379467787101,-2.850000000034549
11.44,0.08103409,0.1854333821831,-0.5426866862350935,-0.10439929218309998,-976.9935836846306,0.590000000020412
11.445,0.08051624,0.1809392116981566,-0.5215112457796234,-0.1004229716981566,2344.7846008412935,-1.5299999997699212
11.45,0.07999692,0.1768358386466866,-0.5024936219277021,-0.09683891864668659,2344.784600840131,-4.95000000001465
11.455,0.07947561,0.1723416681617431,-0.4907801152503639,-0.09286605816174309,586.1961502072397,-3.6500000004033915
11.46,0.07895111,0.1686290925437464,-0.4715007013611554,-0.08967798254374638,-1758.5884506301718,1.5799999999973604
11.465,0.07842332,0.1651119156424863,-0.4541194137857239,-0.08668859564248631,-781.5948669457714,5.190000000210496
11.47,0.07789301,0.1613993400244896,-0.4363367393224949,-0.08350633002448961,1563.1897338935519,5.7000000000240485
11.475,0.07736095,0.1574913656897562,-0.418108556096524,-0.0801304156897562,6.217248937900877e-10,5.16999999998567
11.48,0.07682781,0.1543649862219695,-0.4040876353627095,-0.07753717622196951,-1563.1897338933554,4.639999999965034
11.485,0.0762942,0.1510432080374461,-0.3895487664323439,-0.07474900803744608,-195.39871673695924,4.089999999994566
11.49,0.07576068,0.147526031136186,-0.3741148844615638,-0.07176535113618601,586.1961502111056,4.330000000205661
11.495,0.07522771,0.1442042529516626,-0.3597852555650471,-0.06897654295166258,195.39871673653235,6.840000000012278
11.5,0.07469571,0.1406870760504025,-0.3445680556070709,-0.06599136605040251,-976.993583685573,9.609999999620474
11.505,0.07416581,0.1375606965826158,-0.3225759510288385,-0.0633948865826158,-1172.3923004195303,7.770000000012388
11.51,0.07363974,0.1340435196813557,-0.3100886708398823,-0.0604037796813557,1367.7910171573217,2.0300000001859537
11.515,0.07311811,0.1301355453466224,-0.2950205946758369,-0.05701743534662239,2149.3858841030574,-1.3000000000397094
11.52,0.07260054,0.1264229697286256,-0.2804103322418995,-0.053822429728625595,-976.9935836825344,-0.06999999997406192
11.525,0.07208664,0.1232965902608389,-0.2683533974249534,-0.05120995026083891,-1953.9871673663843,0.9600000000276552
11.53,0.07157681,0.1199748120763155,-0.2461654303930202,-0.04839800207631549,390.79743347293993,-0.6100000000232288
11.535,0.07107133,0.1160668377415821,-0.2413513958417539,-0.04499550774158209,586.196150210875,-1.0499999998271488
11.54,0.07056951,0.1127450595570587,-0.2180278014709348,-0.0421755495570587,195.3987167362163,-0.5499999999993666
11.545,0.07007157,0.1088370852223253,-0.203397351880316,-0.0387655152223253,976.9935836806205,-2.500000000349587
11.55,0.06957759,0.1053199083210652,-0.1900079443663123,-0.03574231832106521,-1758.5884506309656,-5.6300000000025925
11.555,0.06908681,0.1018027314198052,-0.1760325767063306,-0.0327159214198052,-3321.77818452262,-8.91999999981708
11.56,0.06859855,0.0986763519520184,-0.1635643078230651,-0.03007780195201841,2344.784600841649,-11.470000000005006
11.565,0.06811142,0.0932051878833917,-0.1479682509342959,-0.025093767883391696,3712.5756179980817,-9.310000000031724
11.57,0.06762347,0.0894926122653949,-0.1293140265852545,-0.021869142265394895,-976.9935836822857,-4.089999999808333
11.575,0.06713393,0.0853892392139248,-0.1092979260897897,-0.018255309213924806,-1172.3923004207002,-2.829999999976181
11.58,0.06664304,0.0814812648791915,-0.0907279684367111,-0.014838224879191494,586.1961502068049,-4.920000000358844
11.585,0.06615025,0.0773778918277214,-0.0801906886050485,-0.011227641827721402,-3.004156450514538e-10,-4.289999999996642
11.59,0.06565443,0.073469917492988,-0.0597677751879796,-0.007815487492987994,-976.9935836817706,-2.9499999998174253
11.595,0.06515546,0.0697573418749912,-0.0411777997196538,-0.004601881874991207,-390.7974334730646,-6.480000000017828
11.6,0.06465335,0.0654585701067845,-0.0287487594146427,-0.0008052201067845072,1563.1897338929014,-10.230000000009257
11.605,0.06414661,0.0615505957720511,-0.0164509905521999,0.0025960142279489035,1953.9871673664534,-5.669999999984771
11.61,0.06363332,0.0570564252871077,-0.0001740868222813,0.006576894712892294,-781.594866945959,3.549999999990309
11.615,0.06311347,0.0543208432527943,0.0250574482751534,0.008792626747205705,-195.39871673488847,7.490000000185823
11.62,0.06258867,0.0502174702013242,0.0361227338783406,0.012371199798675798,1367.791017157023,6.310000000031581
11.625,0.06205959,0.0472864894502742,0.0512877602177034,0.014773100549725797,-1367.791017158376,5.489999999621837
11.63,0.06152689,0.0447463061326974,0.0635521636160477,0.0167805838673026,-976.9935836825899,7.19999999997329
11.635,0.06099128,0.0418153253816474,0.0690380367893935,0.0191759546183526,976.9935836844488,11.770000000180318
11.64,0.06045347,0.0392751420640707,0.0902372061946817,0.021178327935929303,586.1961502100797,15.700000000010279
11.645,0.05991574,0.0369303574632306,0.0995546920647756,0.022985382536769405,1.1959855328314006e-10,16.600000000011608
11.65,0.05938018,0.0347809715791273,0.1077412083003659,0.024599208420872695,-1172.3923004204614,16.520000000000575
11.655,0.05884867,0.0332177818452339,0.1200714232519915,0.0256308881547661,-586.1961502103991,15.229999999997975
11.66,0.05832362,0.0312637946778672,0.1253338331342907,0.027059825322132802,976.993583683916,13.320000000174897
11.665,0.05780659,0.0295052062272372,0.1306242593712256,0.028301383772762798,3.624904820753727e-10,12.880000000006433
11.67,0.05729902,0.0281374152100805,0.1404048042479217,0.0291616047899195,-976.9935836841622,11.749999999644288
11.675,0.05680282,0.0267696241929238,0.1431270959218349,0.030033195807076196,2.1731239030486904e-10,8.90999999998261
11.68,0.05631926,0.0254018331757671,0.1467686385771573,0.030917426824232902,976.9935836838802,7.210000000173302
11.685,0.05584911,0.0240340421586104,0.1508871317933729,0.0318150678413896,781.594866946713,7.65000000002145
11.69,0.05539325,0.023057048574927,0.1540266975965904,0.032336201425073,-195.3987167365941,9.120000000004922
11.695,0.05495267,0.0222754537079804,0.1567870035066983,0.0326772162920196,-976.9935836834268,10.250000000118895
11.7,0.05452864,0.021884656274507,0.1599740491762378,0.032643983725493,-195.39871673691073,9.640000000001592
11.705,0.05412262,0.021298460124297,0.1607826646262665,0.032824159875703,781.5948669461602,7.88999999971756
11.71,0.05373568,0.0209076626908237,0.1614125539284275,0.0328280173091763,-195.39871673711542,6.930000000004753
11.715,0.0533686,0.0209076626908237,0.1604596441786589,0.032460937309176305,-586.1961502099994,12.61000000016449
11.72,0.05302226,0.0209076626908237,0.1603496854659069,0.032114597309176304,390.7974334735564,47.50000000000678
11.725,0.05269754,0.0209076626908237,0.1595062860286624,0.031789877309176304,3.730065145646222e-10,139.99999999998167
11.73,0.05240099,0.021298460124297,0.219440536364477,0.031102529875703,-586.1961502100526,279.2600000000464
11.735,0.05215694,0.0216892575577704,0.3357724137353998,0.0304676824422296,781.5948669462383,419.83999999999367
11.74,0.05201187,0.0220800549912437,0.4413849482174175,0.029931815008756302,2149.3858841028887,531.8799999998052
11.745,0.05202606,0.0226662511414537,0.4839090925581454,0.029359808858546298,586.1961502105578,572.6300000000259
11.75,0.05227474,0.0240340421586104,0.3655015097289754,0.0282406978413896,-586.1961502088366,502.12000000022476
11.755,0.05283678,0.0259880293259771,0.3684882514863994,0.0268487506740229,390.79743347366957,390.31000000003337
11.76,0.05376223,0.0277466177766071,0.3675284725739066,0.026015612223392902,-1367.7910171563171,295.5099999999911
11.765,0.05509122,0.0310683959611305,0.417719066226988,0.024022824038869503,-2149.3858841030624,143.50999999994815
11.77,0.05686465,0.0336085792787072,0.3843368837914167,0.0232560707212928,1172.3923004192834,-48.679999999948905
11.775,0.05908489,0.0365395600297573,0.3573057319327684,0.0225453299702427,2149.3858841031956,-135.12999999998533
11.78,0.06172551,0.0394705407808073,0.3396046342680046,0.022254969219192698,-976.9935836824761,-96.49000000003616
11.785,0.06476911,0.0435739138322774,0.3576693743616563,0.021195196167722606,-2930.980751051423,-26.210000001576873
11.79,0.06820968,0.0474818881670108,0.3470136173826344,0.020727791832989194,-976.9935836841587,24.019999999994297
11.795,0.07204739,0.0511944637850076,0.3901146992020705,0.0208529262149924,1172.3923004225312,35.71000000286813
11.8,0.07629095,0.0547116406862676,0.3961609323146463,0.0215793093137324,976.9935836832149,24.530000000017253
11.805,0.08094375,0.0584242163042644,0.4126922033436205,0.022519533695735595,-586.1961502112558,40.609999998698186
11.81,0.08600503,0.0623321906389978,0.4382834889875239,0.023672839361002194,-586.1961502096925,92.38999999997782
11.815,0.09148272,0.0662401649737312,0.471951064243003,0.025242555026268806,1172.3923004200958,149.12999999999624
11.82,0.09739253,0.0697573418749912,0.5140474769656066,0.0276351881250088,-195.39871673864621,195.82999999735216
11.825,0.10375669,0.074056113643198,0.5574765502336088,0.029700576356801997,-2344.784600840268,232.21000000002437
11.83,0.11060258,0.0781594866946681,0.6063174099638021,0.032443093305331905,2.83648660115432e-09,258.81000000502104
11.835,0.11796149,0.0816766635959281,0.6616969290920173,0.03628482640407191,2344.784600840193,244.6199999999967
11.84,0.12586739,0.0851938404971882,0.7209503442344583,0.040673549502811795,976.9935836821696,162.809999997638
11.845,0.13435593,0.0891018148319216,0.7810144662942824,0.04525411516807841,-781.5948669469996,147.7600000000375
11.85,0.14343158,0.0932051878833917,0.7385240476290573,0.0502263921166083,-781.5948669466941,346.51000000003205
11.855,0.15310282,0.0973085609348617,0.9349467645841366,0.055794259065138296,-1172.3923004202902,565.2400000000512
11.86,0.16344291,0.1014119339863318,0.990124750919416,0.06203097601366819,-1172.3923004205062,465.62000000005446
11.865,0.17454867,0.1055153070378019,1.1603630634744504,0.06903336296219809,1367.7910171561837,81.53999999500638
11.87,0.18646662,0.1086416865055886,1.0735038572235909,0.0778249334944114,2344.7846008409097,-204.8099999999995
11.875,0.1991591,0.112549660840322,1.1380411047727266,0.086609439159678,1367.7910171590036,-193.97999999068043
11.88,0.21258425,0.1162622364583188,1.200014872572568,0.0963220135416812,390.7974334726325,-3.5899999999187457
11.885,0.2267293,0.1207564069432622,1.2535503316149874,0.1059728930567378,-3126.3794677870837,166.78999999559892
11.89,0.24160182,0.1256413748616789,1.4088565639913,0.1159604451383211,-3712.575617996182,68.18999999990592
11.895,0.25725568,0.1305263427800957,1.5259911719886137,0.1267293372199043,1563.189733892217,-281.0799999999049
11.9,0.27368612,0.1336527222478824,1.4250940858587835,0.14003339775211757,2735.582034313006,-485.51999999999316
11.905,0.29080643,0.1381468927328258,1.5635423726688735,0.1526595372671742,-195.39871673644268,-463.4000000000956
11.91,0.30855607,0.1418594683508226,1.582622839472308,0.1666966016491774,-1563.1897338949884,-545.7400000069761
11.915,0.32689603,0.146353638835766,1.6989757284333933,0.180542391164234,-976.9935836836139,-799.9599999999768
11.92,0.34574827,0.1500662144537627,1.6228948041179154,0.19568205554623733,1367.7910171591243,-941.5299999864039
11.925,0.36497874,0.1535833913550228,1.6778050618659923,0.21139534864497722,1367.7910171562141,-851.3200000000753
11.93,0.38446276,0.1572959669730195,1.7363373673800753,0.2271667930269805,-390.7974334745364,-705.7400000067169
11.935,0.40411303,0.1612039413077529,1.7964270716048638,0.2429090886922471,390.7974334739506,-603.0199999998916
11.94,0.42384822,0.1649165169257496,1.8590346722901296,0.2589317030742504,1953.987167366774,-444.7200000000101
11.945,0.44359316,0.168824491260483,1.9215934959668384,0.274768668739517,-390.7974334757451,-237.90000000709546
11.95,0.46330163,0.1733186617454265,2.056724325969686,0.2899829682545735,-2735.582034312898,-193.7500000000256
11.955,0.48297441,0.1783990283805799,2.164742549320858,0.3045753816194201,-781.5948669430895,-351.40999998582936
11.96,0.50258509,0.1821116039985766,2.1210920969405973,0.32047348600142334,-1172.392300421845,-493.92000000001485
11.965,0.52206303,0.1871919706337301,2.2453587619002957,0.3348710593662699,-1172.3923004231697,-532.2900000071448
11.97,0.54134719,0.1905137488182535,2.220888272080288,0.3508334411817465,2930.9807510512264,-491.77000000009446
11.975,0.5603651,0.1940309257195135,2.2913337079954386,0.3663341742804864,2735.5820343146765,-370.51999999997247
11.98,0.57905564,0.1973527039040369,2.360723264082955,0.38170293609596306,-1758.588450630827,-246.0799999998021
11.985,0.59738885,0.2018468743889803,2.421443230508002,0.39554197561101967,-2344.784600840974,-183.95000000019604
11.99,0.61533992,0.2053640512902404,2.4838604523040533,0.40997586870975966,976.9935836822843,-154.66000000615054
11.995,0.6328882,0.2088812281915005,2.5426177904538947,0.4240069718084995,1563.1897338937442,-130.54999999992106
12.0,0.65001608,0.2122030063760238,2.598739380922737,0.4378130736239762,-586.1961502072724,-122.11999998762985
12.005,0.66670849,0.2161109807107573,2.6494175600614662,0.4505975092892427,781.5948669476838,-136.35000000002856
12.01,0.68295357,0.2194327588952807,2.7022637977726323,0.4635208111047193,2930.980751049344,-98.66000000656891
12.015,0.6987276,0.2229499357965407,2.700044604503528,0.4757776642034593,-1367.7910171580484,47.130000000238624
12.02,0.71401604,0.2278349037149575,2.818055920949412,0.48618113628504245,-5080.366635153946,159.18000000014945
12.025,0.72884687,0.2323290741999009,2.8627800621571686,0.49651779580009914,-976.9935836823215,118.47999999972649
12.03,0.74325062,0.2360416498178977,2.9112156636669484,0.5072089701821023,2930.980751049984,64.58000000022889
12.035,0.75722548,0.2391680292856844,2.90587507225536,0.5180574507143156,1367.7910171548888,101.52999999576514
12.04,0.77077579,0.2430760036204177,3.024592253570054,0.5276997863795823,195.39871673652044,131.22999999991862
12.045,0.78392801,0.2463977818049411,3.01190467609848,0.5375302281950589,1367.7910171590477,154.9500000088458
12.05,0.79669308,0.2503057561396745,3.068782588076331,0.5463873238603256,195.39871673598452,257.49999999989404
12.055,0.80908569,0.254213730474408,3.1205243654062724,0.554871959525592,-2344.784600840975,322.55999999564574
12.06,0.82115744,0.2590986983928247,3.2194640679027366,0.5620587416071754,-195.39871673526966,255.5799999999026
12.065,0.83295602,0.2628112740108214,3.191429925336887,0.5701447459891786,1367.791017157233,236.6899999997056
12.07,0.84449143,0.2671100457790282,3.236408476913128,0.5773813842209718,-1953.9871673693692,344.3699999965763
12.075,0.85579458,0.271995013697445,3.3356255451372783,0.583799566302555,-976.9935836849063,398.3700000005591
12.08,0.86693174,0.2757075893154417,3.364091475225398,0.5912241506845582,976.9935836861401,351.2600000073197
12.085,0.87794574,0.2798109623669118,3.3933727213073315,0.5981347776330883,-586.1961502097789,266.4099999993042
12.09,0.88887674,0.2839143354183818,3.4852435172508933,0.6049624045816182,1172.3923004181238,148.83999999640403
12.095,0.89976076,0.2872361136029052,3.44325989050437,0.6125246463970948,2149.385884103038,118.310000000583
12.1,0.91059284,0.2911440879376386,3.482030966818352,0.6194487520623614,-1563.1897338927151,217.21000000000475
12.105,0.92138848,0.2954428597058454,3.5793570048028163,0.6259456202941546,-1953.9871673661337,256.0499999997114
12.11,0.93219835,0.2995462327573154,3.5974083646206982,0.6326521172426846,976.993583682924,186.49999999980187
12.115,0.94304611,0.3028680109418389,3.622501976600299,0.6401780990581611,390.79743347118114,84.47999999604139
12.12,0.95394932,0.3071667827100456,3.703859261997756,0.6467825372899544,-390.7974334739482,-57.38999999992379
12.125,0.96492015,0.310488560894569,3.656917883932163,0.654431589105431,1367.7910171592607,-157.4199999919254
12.13,0.97593023,0.3143965352293024,3.688880101882008,0.6615336947706976,1172.39230042019,-127.88999999979559
12.135,0.98695321,0.3179137121305624,3.723633554021316,0.6690394978694376,-2344.7846008406186,-57.16000000405083
12.14,0.99798366,0.3226032813322426,3.7539921271586674,0.6753803786677575,-2735.5820343129362,-23.80000000030751
12.145,1.0090174,0.3263158569502393,3.79108756408396,0.6827015430497607,1953.987167366099,10.37999999965897
12.15,1.02005245,0.329442236418026,3.8325669528328703,0.690610213581974,2149.385884102543,77.05000000030567
12.155,1.03108892,0.3329594133192861,3.872968371378883,0.6981295066807138,-1367.7910171565918,94.24000000052668
12.16,1.04214698,0.3368673876540195,3.972649996618312,0.7052795923459805,-390.797433473738,-5.420000004083988
12.165,1.05324482,0.3399937671218062,3.9371302721059696,0.7132510528781938,1172.3923004202893,-92.75000000016676
12.17,1.06436149,0.3435109440230663,3.98251868463297,0.7208505459769337,781.5948669488165,-58.60999999214236
12.175,1.07547968,0.3470281209243264,4.026392857753447,0.7284515590756735,586.1961502100341,3.569999999948532
12.18,1.08660323,0.3505452978255864,4.068199552595998,0.7360579321744135,-1172.3923004205046,14.5799999962972
12.185,1.09773489,0.3548440695937931,4.1040935798468805,0.7428908204062068,-1563.189733893248,0.689999999963387
12.19,1.10887577,0.3585566452117899,4.140950747801888,0.7503191247882102,1367.791017155953,2.259999999693818
12.195,1.12002503,0.3622692208297866,4.176197014219606,0.7577558091702135,2149.3858841017955,52.089999996242334
12.2,1.1311798,0.3659817964477834,4.210115094968457,0.7651980035522166,-1172.3923004189194,108.62000000000148
12.205,1.14235236,0.3706713656494634,4.294704160717729,0.7716809943505367,-3517.176901256194,68.5500000076906
12.21,1.15356741,0.3749701374176701,4.307269631063185,0.7785972725823298,-1563.1897338932233,-50.85999999990156
12.215,1.1648255,0.3788781117524036,4.326414631752965,0.7859473882475965,1758.5884506274174,-115.93000000375375
12.22,1.17610715,0.3820044912201903,4.353107270726855,0.7941026587798097,2930.980751050622,-83.75000000001026
12.225,1.18739359,0.3853262694047136,4.3816188347035485,0.8020673205952865,2149.3858841041415,-51.350000000099435
12.23,1.19868309,0.3888434463059737,4.464074810238312,0.8098396436940264,586.1961502094011,-67.66999999996807
12.235,1.20997288,0.3929468193574438,4.425406366476295,0.8170260606425562,-1758.5884506298348,-61.27000000020965
12.24,1.22124388,0.3976363885591239,4.509646161383156,0.8236074914408762,-3126.3794677881324,-35.97000000411521
12.245,1.2324957,0.402325957760804,4.526973902439788,0.830169742239196,-1953.9871673670978,-43.18999999964299
12.25,1.24372825,0.4066247295290108,4.550487404395015,0.8371035204709891,781.5948669494674,-31.089999991844167
12.255,1.25492608,0.4103373051470075,4.580563152029562,0.8445887748529924,2149.38588410319,-5.7000000002624915
12.26,1.26609301,0.4138544820482676,4.666756920894885,0.8522385279517325,390.79743347210416,-37.04000000425961
12.265,1.27723293,0.417762456383001,4.631219613224796,0.859470473616999,-390.79743347288553,-101.03999999970645
12.27,1.28833246,0.4214750320009977,4.71948022588039,0.8668574279990022,195.39871673715336,-173.80999999972468
12.275,1.29937921,0.4249922089022577,4.689405677873638,0.8743870010977421,-781.5948669469793,-251.91000000036004
12.28,1.31034556,0.4290955819537278,4.723159497327993,0.8812499780462721,976.9935836820731,-273.12999999965047
12.285,1.32119111,0.4322219614215146,4.711050401970287,0.8889691485784854,2149.3858841017236,-203.8500000034636
12.29,1.3318804,0.4359345370395113,4.754132537582046,0.8959458629604886,-1172.3923004184826,-103.81000000125039
12.295,1.3423955,0.4404287075244547,4.786023253414178,0.9019667924755455,-2344.7846008369524,-46.519999993115675
12.3,1.35273313,0.4441412831424515,4.816677865913031,0.9085918468575486,-1563.1897338942806,-34.379999998871085
12.305,1.36288857,0.4484400549106582,4.841845107138443,0.9144485150893418,781.5948669443508,-28.920000002869642
12.31,1.37285723,0.4513710356617082,4.872676080330813,0.9214861943382917,3712.5756179974596,-3.010000000643913
12.315,1.38263594,0.4546928138462316,4.901457591669523,0.9279431261537683,1172.3923004211447,49.96999999946286
12.32,1.39222378,0.4584053894642284,4.928476415277665,0.9338183905357715,-2930.9807510523274,74.09999999766092
12.325,1.4016346,0.4628995599491718,4.991898979113357,0.9387350400508281,-1172.3923004213837,22.57999999996116
12.33,1.41088275,0.4664167368504319,4.968220576406139,0.9444660131495681,1758.588450632869,-21.519999994546424
12.335,1.41995865,0.4701293124684285,4.998061427899013,0.9498293375315716,781.5948669467441,11.830000000427844
12.34,1.42885672,0.4742326855198986,5.024638302989472,0.9546240344801014,-781.594866948258,59.05999999754329
12.345,1.43758657,0.4781406598546321,5.049793995850694,0.9594459101453678,-1758.5884506306156,66.44999999963886
12.35,1.44615752,0.4826348303395755,5.069212461218573,0.9635226896604245,-195.39871673715407,51.169999999560105
12.355,1.45457742,0.4861520072408355,5.090184112117157,0.9684254127591644,2344.784600840512,30.040000000041687
12.36,1.4628516,0.4898645828588323,5.107078768596423,0.9729870171411678,-195.39871673558932,-2.530000000144696
12.365,1.47098237,0.4939679559103023,5.119296351075422,0.9770144140896977,-3126.3794677880596,-59.730000002676206
12.37,1.478969,0.4982667276785091,5.128051940522036,0.9807022723214909,586.196150208317,-116.2699999996288
12.375,1.48679889,0.5013931071462958,5.193239520140052,0.9854057828537042,2930.980751051677,-116.56999999445532
12.38,1.49444999,0.5047148853308193,5.217933026278211,0.9897351046691806,-1172.3923004205935,-77.77000000016085
12.385,1.50191071,0.5090136570990259,5.243660246505812,0.9928970529009741,-1172.3923004219266,-74.15000000264524
12.39,1.509178,0.5121400365668127,5.275986675336348,0.9970379634331872,1563.1897338929625,-101.33999999994296
12.395,1.51624006,0.5156572134680728,5.309309706294021,1.000582846531927,6.392042450897861e-10,-93.3600000001951
12.4,1.52307888,0.5193697890860695,5.324683871125876,1.0037090909139303,-195.3987167358037,-48.180000000004156
12.405,1.5296856,0.5228869659873295,5.338470374143852,1.0067986340126707,586.1961502101115,-13.530000000231098
12.41,1.53605927,0.5264041428885896,5.349586794062339,1.0096551271114103,-1367.791017158367,0.7899999977230436
12.415,1.54219915,0.5305075159400596,5.355268269794515,1.0116916340599404,-976.993583684092,14.960000000475134
12.42,1.54810564,0.5338292941245831,5.363718574851243,1.014276345875417,1563.189733895176,37.710000004838435
12.425,1.5537815,0.5371510723091065,5.37287907424776,1.0166304276908935,1563.1897338932235,74.129999999691
12.43,1.55923295,0.5406682492103666,5.382859816910563,1.0185647007896335,-7.114522304618731e-10,133.69999999725314
12.435,1.56447036,0.5443808248283633,5.393698296706623,1.0200895351716368,-1563.189733893675,195.87000000030685
12.44,1.56951533,0.5484841978798334,5.412081227460884,1.0210311321201666,-1367.7910171568765,214.53000000009
12.445,1.57439943,0.55219677349783,5.417923310206214,1.02220265650217,976.9935836824268,191.7599999978931
12.45,1.57914865,0.5557139503990901,5.423449540802728,1.02343469960091,1758.5884506296593,173.16000000028185
12.455,1.58378324,0.5592311273003503,5.42735390587822,1.0245521126996497,-390.79743347075606,172.79000000372088
12.46,1.58832467,0.5633345003518203,5.426348178350275,1.0249901696481798,-1953.987167366461,175.5899999994138
12.465,1.59279495,0.5672424746865538,5.424007502226753,1.0255524753134462,-781.5948669480446,174.84999999823845
12.47,1.59721618,0.5709550503045504,5.420264574478817,1.0262611296954496,976.9935836838488,171.36000000079574
12.475,1.60161015,0.5742768284890738,5.416147010673763,1.0273333215109262,1172.3923004197945,165.94999999967578
12.48,1.60599803,0.577794005390334,5.408724743397597,1.028204024609666,976.9935836833519,170.3599999996263
12.485,1.6104002,0.581311182291594,5.398853920454314,1.029089017708406,586.1961502106074,205.48000000048484
12.49,1.61483617,0.5850237579095907,5.384982599668407,1.0298124120904093,-2149.385884105207,245.3999999980379
12.495,1.61933546,0.5893225296777974,5.389670832961671,1.0300129303222025,-2930.9807510504825,223.35999999958597
12.5,1.62393608,0.5932305040125309,5.390626005688954,1.030705575987469,1953.9871673690527,146.32000000376433
12.505,1.62866133,0.5961614847635809,5.399644453972028,1.0324998452364191,4689.569201679904,98.37000000069071
12.51,1.63352112,0.5994832629481043,5.4091053164468255,1.0340378570518958,-3.539071258273907e-10,109.58999999815478
12.515,1.63852413,0.6037820347163111,5.415394647530861,1.034742095283689,-2930.980751050126,126.47999999956744
12.52,1.64368966,0.6084716039179912,5.460785791957236,1.0352180560820088,-6.386926543200389e-10,138.49999999991405
12.525,1.64903345,0.6121841795359879,5.420668688274262,1.036849270464012,-781.5948669474062,169.53999999970574
12.53,1.65456818,0.6172645461711412,5.510480847496737,1.0373036338288588,-2149.38588410393,152.31000000028916
12.535,1.66032779,0.6213679192226114,5.500648235977525,1.0389598707773886,586.1961502090448,56.3799999983446
12.54,1.66632622,0.6250804948406082,5.498419471978849,1.0412457251593916,976.9935836842776,-55.07000000008702
12.545,1.67255946,0.6291838678920781,5.538568813579907,1.043375592107922,586.1961502130619,-165.24999999632666
12.55,1.67902016,0.6325056460766015,5.494273678113704,1.0465145139233987,586.1961502091905,-237.47999999995977
12.555,1.68567339,0.6366090191280717,5.502142411354008,1.0490643708719283,1172.3923004176647,-218.76000000134968
12.56,1.69248475,0.6401261960293317,5.512995487196105,1.0523585539706684,976.9935836829983,-151.63000000001676
12.565,1.6994321,0.6442295690808018,5.52016632291566,1.0552025309191981,-2149.38588410272,-112.54000000093771
12.57,1.70650123,0.6491145369992186,5.555630220396634,1.0573866930007814,-2344.784600840585,-143.12000000302737
12.575,1.71368396,0.653022511333952,5.551464536370511,1.060661448666048,-390.7974334728202,-215.22999999890558
12.58,1.72095706,0.6573212831021586,5.549029313113303,1.0636357768978413,1367.7910171593232,-259.0499999942686
12.585,1.72828585,0.660643061286682,5.554173802956567,1.067642788713318,1563.189733892472,-260.3900000004905
12.59,1.73563701,0.6643556369046788,5.573055285703528,1.0712813730953212,-976.9935836849153,-248.37000000276427
12.595,1.74297872,0.6684590099561489,5.623026289629532,1.074519710043851,7.09405867382884e-10,-229.6600000005417
12.6,1.75028069,0.6717807881406723,5.667345391288497,1.0784999018593278,1367.791017157374,-198.86999999983394
12.605,1.7575142,0.675493363758669,5.7017529497893085,1.0820208362413308,-976.9935836840612,-182.56999999949699
12.61,1.76465844,0.6795967368101391,5.70248441802661,1.085061703189861,-781.5948669470495,-203.19000000058395
12.615,1.77169342,0.6831139137113991,5.749220100282416,1.088579506288601,976.9935836824991,-217.08000000246284
12.62,1.77858769,0.6868264893293958,5.763292825766396,1.0917612006706041,1172.3923004194128,-183.56999999967047
12.625,1.78531319,0.6905390649473927,5.7733044516685,1.0947741250526075,390.7974334758081,-127.88999999515465
12.63,1.79185136,0.694447039282126,5.778581900489144,1.0974043207178739,-1563.189733893143,-89.42000000002747
12.635,1.79818994,0.6989412097670694,5.793006353408252,1.0992487302329308,-2149.385884105136,-85.5600000022639
12.64,1.80432156,0.702849184101803,5.787498468229525,1.101472375898197,390.7974334735974,-99.94999999975698
12.645,1.81023425,0.7067571584365363,5.776460541305674,1.1034770915634637,2930.9807510499118,-99.38000000034219
12.65,1.81591273,0.7098835379043231,5.765537870369232,1.1060291920956768,1367.7910171559547,-85.32000000002938
12.655,1.82134617,0.7143777083892665,5.763404479497459,1.1069684616107334,-2540.183317575748,-76.87999999973499
12.66,1.82652549,0.7184810814407364,5.719138434740183,1.1080444085592638,-3321.7781845245054,-70.11000000176432
12.665,1.83144038,0.7231706506424166,5.7122315651896685,1.1082697293575836,195.39871673474477,-56.66000000027907
12.67,1.83608296,0.7261016313934666,5.676961666710942,1.1099813286065334,2344.7846008421566,-35.02999999682311
12.675,1.84044677,0.7298142070114633,5.660706055272516,1.1106325629885367,1172.3923004205178,-5.199999999570082
12.68,1.84452848,0.7329405864792501,5.650592668843274,1.11158789352075,-195.39871673758054,24.53999999829807
12.685,1.84833031,0.7366531620972468,5.643216755668749,1.111677147902753,586.1961502106066,55.37999999944782
12.69,1.85185685,0.7401703389985068,5.623718263456773,1.1116865110014933,1758.588450630403,104.81000000027564
12.695,1.85511554,0.7434921171830302,5.634513817802303,1.1116234228169697,-1758.5884506325326,166.599999999739
12.7,1.85812345,0.748377085101447,5.673407274803156,1.109746364898553,-2735.5820343146333,208.88999999966848
12.705,1.86090727,0.7520896607194437,5.688501379480721,1.1088176092805564,1758.588450632302,224.94000000137828
12.71,1.86349488,0.7558022363374406,5.706328374481266,1.1076926436625594,1758.588450629884,234.71000000071024
12.715,1.86591439,0.7597102106721738,5.724055508319673,1.106204179327826,-1563.1897338943863,246.15999999924628
12.72,1.86819608,0.7642043811571174,5.738046008039058,1.1039916988428824,-1172.3923004202218,254.05999999891253
12.725,1.87037161,0.7681123554918509,5.752756978413275,1.1022592545081493,1953.9871673661346,263.089999999988
12.73,1.87247321,0.7720203298265842,5.764177615249543,1.100452880173416,1758.5884506299774,294.8700000007544
12.735,1.87453299,0.7761237028780542,5.770822896551535,1.098409287121946,-2930.9807510487776,339.63000000001415
12.74,1.87658936,0.7812040695132076,5.7836405590741125,1.0953852904867925,-3517.1769012610885,321.18999999910585
12.745,1.8786934,0.7855028412814143,5.758109973337751,1.0931905587185855,1367.7910171547855,216.79999999996485
12.75,1.88088416,0.7888246194659378,5.767294921258193,1.092059540534062,2735.582034315811,128.2500000013555
12.755,1.88317403,0.7927325938006711,5.7591387758273305,1.0904414361993289,1367.7910171578428,115.02000000013902
12.76,1.88557441,0.7962497707019311,5.751135853745955,1.0893246392980689,-586.1961502107492,121.58999999969058
12.765,1.88810313,0.800548542470138,5.738427504446595,1.087554587529862,-2735.5820343138957,106.45999999980438
12.77,1.89077513,0.8048473142383447,5.725417150896018,1.0859278157616554,390.7974334721765,86.71999999933541
12.775,1.89360229,0.8083644911396048,5.717390598514521,1.0852377988603952,2735.5820343130417,76.40000000037946
12.78,1.89659278,0.8118816680408648,5.712255998863875,1.0847111119591353,-1953.9871673654231,34.070000000668074
12.785,1.89975823,0.8165712372425449,5.652705211607359,1.0831869927574551,-2344.7846008405827,-79.45000000205823
12.79,1.90310376,0.820088414143805,5.716025060559225,1.083015345856195,3126.379467785656,-186.4000000004121
12.795,1.90660502,0.8232147936115918,5.721772539120316,1.083390226388408,1953.9871673689106,-193.14999999694004
12.8,1.91022862,0.8271227679463251,5.721417269216749,1.083105852053675,-2540.1833175768847,-146.6699999996422
12.805,1.91395626,0.8314215397145318,5.717737738914607,1.082534720285468,-1367.7910171585108,-130.9100000014563
12.81,1.91777421,0.834938716615792,5.716320052301879,1.082835493384208,1563.1897338939593,-150.6100000003186
12.815,1.92166528,0.8386512922337885,5.711385932266562,1.0830139877662115,781.5948669474772,-183.75999999933174
12.82,1.92560962,0.8421684691350487,5.704124994135642,1.0834411508649513,-1172.392300422209,-210.1500000014868
12.825,1.92958147,0.8464672409032555,5.6654992681921845,1.0831142290967444,-1.2374812285997905e-09,-204.76000000084923
12.83,1.93355109,0.8495936203710422,5.661136035594713,1.0839574696289578,195.39871673947073,-173.53999999728117
12.835,1.93749468,0.8536969934225123,5.648481010552749,1.0837976865774877,390.79743347441627,-145.83999999957587
12.84,1.94139386,0.8572141703237723,5.6370881298259095,1.0841796896762277,2540.1833175754637,-127.8000000007807
12.845,1.94523137,0.8605359485082957,5.627156803749625,1.0846954214917042,-1367.7910171586534,-108.53999999995361
12.85,1.94899209,0.8654209164267126,5.611474990339511,1.0835711735732874,-4103.373051470703,-84.76000000030615
12.855,1.95266374,0.8695242894781825,5.602193543041373,1.0831394505218175,781.5948669484716,-58.15000000012617
12.86,1.95623724,0.8728460676627059,5.600418212707849,1.0833911723372942,3126.379467787067,-26.03000000022024
12.865,1.95970703,0.8765586432807027,5.600275926830409,1.0831483867192973,195.39871673487934,13.369999998645426
12.87,1.96307116,0.8802712188986994,5.603299104385393,1.0827999411013005,-3126.3794677858723,36.39000000027801
12.875,1.96633521,0.8847653893836429,5.636903500997103,1.081569820616357,-781.5948669442164,18.480000002510565
12.88,1.96950722,0.8878917688514296,5.604949002539097,1.0816154511485703,3907.974334733478,1.8799999997324903
12.885,1.97258467,0.8910181483192163,5.580451158118379,1.0815665216807837,976.9935836834939,40.65999999881194
12.89,1.9755639,0.8949261226539497,5.598587450268993,1.0806377773460505,-2930.980751050338,96.13000000030485
12.895,1.97845729,0.8992248944221565,5.643381910816613,1.0792323955778436,-1.5644445738871582e-09,109.22000000022487
12.9,1.98128186,0.9023512738899432,5.610895886229232,1.0789305861100567,781.5948669461978,85.24999999935119
12.905,1.9840492,0.9064546469414132,5.649040505221958,1.0775945530585869,-976.993583682924,42.039999999591004
12.91,1.98677032,0.91016722255941,5.611541914437787,1.07660309744059,1758.5884506292664,11.820000000001073
12.915,1.98944565,0.9134890007439334,5.580681263656769,1.0759566492560666,2149.3858841037104,40.6000000001134
12.92,1.99207132,0.9173969750786668,5.592003835626114,1.0746743449213332,-2735.582034309712,90.36000000122479
12.925,1.99465846,0.9220865442803468,5.622768092918305,1.0725719157196532,-3126.3794677855185,78.130000000523
12.93,1.99722546,0.9261899173318168,5.610664459675999,1.071035542668183,1563.18973389069,22.429999999361897
12.935,1.99977799,0.9295116955163404,5.570828802614368,1.0702662944836594,1367.791017155526,2.9999999992474358
12.94,2.00231087,0.9334196698510738,5.566384083283738,1.0688912001489261,-1758.5884506296904,9.949999999890082
12.945,2.00482667,0.9373276441858072,5.58504131869379,1.0674990258141928,-195.39871673701097,-20.830000000559238
12.95,2.00733055,0.940454023653594,5.542498338341044,1.0668765263464057,1953.9871673673806,-71.8500000001824
12.955,2.00981445,0.9437758018381172,5.504868071998005,1.0660386481618827,1367.7910171587564,-78.51999999786636
12.96,2.01226367,0.9470975800226408,5.474806448304423,1.065166089977359,586.1961502093634,-34.059999999572256
12.965,2.01466948,0.9508101556406374,5.481886448641427,1.0638593243593624,390.7974334726033,23.559999998497858
12.97,2.01703171,0.9547181299753708,5.483038428636921,1.0623135800246293,-781.5948669470497,61.51999999929339
12.975,2.0193577,0.9590169017435776,5.51029489688682,1.0603407982564224,-2540.183317577029,66.30000000029887
12.98,2.02165823,0.9637064709452576,5.498075708039397,1.0579517590547423,-1172.392300419368,52.50000000103424
12.985,2.02394063,0.9676144452799912,5.492771301223739,1.0563261847200085,1367.7910171568074,45.52999999958945
12.99,2.02620953,0.9715224196147244,5.490076262878891,1.0546871103852755,781.5948669450615,49.959999998352615
12.995,2.02847077,0.975430393949458,5.489032672786706,1.0530403760505422,-781.5948669468781,51.36000000077894
13.0,2.03073114,0.979533767000928,5.48784780788028,1.0511973729990718,-390.7974334704008,36.20000000211195
13.005,2.03299808,0.9832463426189246,5.488912604020363,1.0497517373810754,1953.9871673682328,21.859999999379827
13.01,2.03527442,0.9869589182369212,5.453286400048119,1.0483155017630787,1563.1897338926806,48.73999999915898
13.015,2.03755876,0.990671493854918,5.4652594404409,1.0468872661450819,-3321.7781845257828,94.40999999981548
13.02,2.03986123,0.9957518604900716,5.497235202090435,1.0441093695099286,-2930.9807510516184,82.21999999932747
13.025,2.04220155,0.9992690373913315,5.492212327615663,1.0429325126086686,2149.3858841047086,20.460000000640463
13.03,2.04458598,1.002590815575855,5.456867838114497,1.041995164424145,2930.9807510507653,-8.929999998770711
13.035,2.04700867,1.006107992477115,5.460775064011514,1.0409006775228848,781.5948669453458,6.2299999990509605
13.04,2.04946913,1.009625169378375,5.460992441055382,1.0398439606216248,-2344.7846008392485,17.72999999869066
13.045,2.05197119,1.0141193398633186,5.454024407681079,1.0378518501366816,-1953.987167364227,6.070000002010289
13.05,2.05451691,1.017636516764579,5.450182053113725,1.036880393235421,1172.3923004195767,-23.649999998809875
13.055,2.05710684,1.020958294949102,5.4461950195423015,1.0361485450508978,586.1961502093291,-57.57000000187573
13.06,2.05973539,1.0246708705670988,5.4082455289178055,1.0350645194329013,1172.3923004220683,-74.75000000141796
13.065,2.06239197,1.027797250034885,5.414600289964337,1.034594719965115,1367.7910171569454,-73.01999999953429
13.07,2.065067,1.0313144269361456,5.380740581169084,1.0337525730638544,-1953.987167370683,-65.62000000002695
13.075,2.06775183,1.035808597421089,5.386250397669722,1.031943232578911,-781.5948669478581,-53.87999999981878
13.08,2.07043872,1.0389349768888756,5.356494912683263,1.0315037431111242,1172.3923004237136,-29.359999998065362
13.085,2.0731208,1.0430383499403455,5.366936925937102,1.0300824500596544,-976.9935836835211,0.8900000000273778
13.09,2.07579667,1.0467509255583425,5.372707966393169,1.0290457444416574,-976.993583685198,17.019999998809517
13.095,2.07846952,1.0506588998930757,5.373301480340301,1.0278106201069244,1367.7910171572319,16.589999999610075
13.1,2.08114174,1.0537852793608626,5.3747560709995765,1.0273564606391374,976.9935836836362,7.440000000257955
13.105,2.08381501,1.057693253695596,5.370842485227799,1.0261217563044038,-390.7974334737372,-12.829999999439892
13.11,2.08649052,1.0614058293135928,5.367094628748437,1.025084690686407,1.410853656125255e-10,-33.10999999996637
13.115,2.08916471,1.0651184049315896,5.329697217356976,1.0240463050684103,-1.4220802313502645e-09,-26.180000001546304
13.12,2.09183018,1.0692217779830595,5.334316531685756,1.0226084020169406,-390.7974334741679,3.7699999992951128
13.125,2.09448551,1.0729343536010565,5.337545526559934,1.0215511563989437,3.12070369545836e-09,30.300000002228934
13.13,2.09713454,1.0772331253692629,5.336750107899422,1.019901414630737,586.196150211172,52.4400000006094
13.135,2.09978118,1.0807503022705232,5.337993524447645,1.0190308777294768,-1.2784084901795723e-09,62.87999999927064
13.14,2.1024339,1.085439871472203,5.359278350166181,1.0169940285277967,-390.7974334737378,28.650000000427138
13.145,2.10510416,1.0891524470902,5.346719862320644,1.0159517129097997,-390.7974334731707,-30.61000000002532
13.15,2.10779114,1.09384201629188,5.299440204994836,1.0139491237081197,-390.7974334730286,-51.17000000126554
13.155,2.1104831,1.0977499906266135,5.291183047402535,1.0127331093733867,-195.39871673686957,-39.0900000005005
13.16,2.11317565,1.1020487623948203,5.301440044745235,1.0111268876051798,-1.5636203443136765e-09,-44.58999999997319
13.165,2.11586683,1.1061521354462902,5.251816639475298,1.0097146945537097,976.9935836828909,-67.45999999962342
13.17,2.11854834,1.109864711064287,5.259376134144353,1.0086836289357128,-586.1961502074444,-85.94999999843658
13.175,2.12121076,1.1143588815492305,5.207411974566665,1.0068518784507694,-586.1961502085882,-91.09999999993678
13.18,2.12384175,1.1182668558839637,5.188471308583048,1.0055748941160363,1172.3923004197932,-79.91000000061281
13.185,2.12642894,1.1217840327852238,5.16968076025298,1.004644907214776,-1367.7910171576582,-69.75000000011471
13.19,2.12896478,1.1266690007036406,5.159424683233319,1.0022957792963594,-1.5621708371327259e-09,-75.30000000003062
13.195,2.13144146,1.1295999814546906,5.1192887962507605,1.0018414785453094,1953.9871673648556,-80.74000000135939
13.2,2.13384768,1.1337033545061608,5.096056071479314,1.0001443254938394,2.269189280923456e-10,-72.06000000075295
13.205,2.13617302,1.137806727557631,5.072360492473731,0.9983662924423693,976.9935836865366,-57.13999999727861
13.21,2.13840971,1.1413239044588908,5.051303763242931,0.9970858055411091,-1758.588450631598,-45.93999999946476
13.215,2.14055156,1.1464042710940443,5.030450290697922,0.9941472889059557,-4298.7717682098455,-41.630000002046586
13.22,2.14259373,1.1505076441455144,5.002799916221212,0.9920860858544858,2344.784600841719,-41.70999999957013
13.225,2.14453114,1.1536340236133011,4.9815580407391895,0.9908971163866986,4103.373051472123,-37.96999999906427
13.23,2.14635811,1.1569558017978243,4.973776777232112,0.9894023082021757,-2930.9807510513333,-26.40000000042312
13.235,2.14807005,1.1618407697162412,4.947833919711947,0.9862292802837587,-2540.18331757873,-12.800000000368755
13.24,2.14966488,1.1647717504672912,4.925041555102235,0.9848931295327088,2930.9807510490605,-2.460000000325749
13.245,2.15114189,1.1680935286518146,4.905900557609712,0.9830483613481853,1563.189733894024,5.800000000501427
13.25,2.15250124,1.171415306836338,4.886354470851752,0.9810859331636619,-976.9935836804117,13.659999999902084
13.255,2.1537442,1.1753232811710714,4.866300420412721,0.9784209188289288,586.1961502113811,20.60999999932534
13.26,2.15487299,1.178449660638858,4.8502777477144905,0.976423329361142,976.9935836819299,26.15000000105431
13.265,2.15589064,1.1825530336903285,4.829653227918207,0.9733376063096715,-390.79743347373824,30.50000000030309
13.27,2.15680074,1.1864610080250615,4.809972336291118,0.9703397319749385,-781.5948669456286,33.309999999177194
13.275,2.15760736,1.1907597797932683,4.788464143824506,0.9668475802067318,-1367.7910171570902,30.67999999984886
13.28,2.15831499,1.1950585515614751,4.767053398750718,0.9632564384385249,-781.5948669479039,16.83000000014158
13.285,2.15892767,1.1991619246129452,4.737715558047021,0.959765745387055,781.5948669456296,-5.090000000223256
13.29,2.15944642,1.202874500230942,4.69353785554561,0.9565719197690581,390.7974334742694,-20.390000000175405
13.295,2.1598684,1.206977873282412,4.65087849277301,0.9528905267175882,586.1961502125574,-19.459999999469517
13.3,2.16018994,1.2106904489004089,4.618611030867538,0.9494994910995911,781.5948669456635,-9.20999999955393
13.305,2.16040916,1.214598423235142,4.590083945591752,0.9458107367648578,-1367.7910171575172,-1.5800000002743104
13.31,2.16052609,1.2190925937200856,4.56193864650859,0.9414334962799142,-1758.5884506289817,5.549999999914519
13.315,2.16054074,1.222805169338082,4.523964938120007,0.9377355706619181,-390.7974334733118,24.29000000063394
13.32,2.16045329,1.2267131436728156,4.507715377290779,0.9337401463271844,976.9935836820736,49.43999999994952
13.325,2.16026869,1.2298395231406023,4.5097513148935455,0.9304291668593978,2540.1833175760053,61.64999999873356
13.33,2.15999583,1.233161301325126,4.4914564305702855,0.9268345286748743,781.5948669486204,60.999999999470106
13.335,2.15964245,1.236678478226386,4.47356334776297,0.9229639717736142,-2735.582034313291,63.26000000080671
13.34,2.15921536,1.2409772499945926,4.452738210108877,0.9182381100054076,-781.5948669486138,69.7600000006588
13.345,2.15872302,1.2441036294623793,4.449843761342291,0.9146193905376208,3126.37946778678,70.17999999988271
13.35,2.15817514,1.247425407646903,4.430840196215674,0.9107497323530971,586.1961502118863,65.02999999952678
13.355,2.15758016,1.251333381981636,4.410468556947378,0.9062467780183643,-3321.778184524219,64.23000000040976
13.36,2.15694535,1.2556321537498432,4.389200947085407,0.9013131962501568,-1758.5884506323919,68.7100000001838
13.365,2.1562789,1.2589539319343666,4.381799013890452,0.8973249680656337,1953.9871673667024,68.19999999919732
13.37,2.15559022,1.2622757101188895,4.3710749852159285,0.8933145098811106,2344.7846008410456,58.34000000021834
13.375,2.15488795,1.2652066908699398,4.352636485634826,0.8896812591300602,-781.59486694464,49.300000000871975
13.38,2.15417795,1.2693100639214097,4.324092648280657,0.8848678860785901,-1563.1897338927251,48.54999999991312
13.385,2.15346565,1.2724364433891966,4.304804411028435,0.8810292066108032,195.39871673601596,48.24999999897476
13.39,2.15275784,1.2759536202904564,4.289069190692038,0.8768042197095436,1172.392300420504,41.450000000226524
13.395,2.15206055,1.2790799997582434,4.279712644951964,0.8729805502417565,1758.5884506295492,32.99000000083811
13.4,2.15137814,1.2824017779427668,4.259034946116492,0.868976362057233,586.1961502091872,28.13999999944035
13.405,2.1507141,1.2863097522775002,4.244683857823039,0.8644043477224999,-1758.5884506295488,25.280000000124048
13.41,2.15007184,1.2904131253289703,4.224431393804175,0.8596587146710295,-2930.9807510513338,21.610000000863266
13.415,2.14945444,1.2947118970971772,4.203302848565693,0.8547425429028228,-1563.189733894566,17.769999999167297
13.42,2.14886422,1.2982290739984372,4.186290458677627,0.8506351460015629,1758.588450632572,14.83999999862904
13.425,2.14830318,1.301355453466224,4.171153992321864,0.8469477265337761,3126.379467787967,12.020000000367816
13.43,2.14777305,1.3042864342172735,4.157935023028475,0.8434866157827265,781.5948669460556,8.760000000904768
13.435,2.14727516,1.3079990098352705,4.138596059517855,0.8392761501647295,-1563.18973389467,5.629999999996812
13.44,2.14681035,1.3117115854532673,4.12082064548177,0.8350987645467327,195.39871673459663,2.9399999999668864
13.445,2.14637914,1.3154241610712645,4.1022995030005935,0.8309549789287356,1367.791017156094,0.42000000064498977
13.45,2.14598175,1.3189413379725243,4.084629119507734,0.8270404120274755,-2540.1833175727834,-2.0400000002727836
13.455,2.14561806,1.3238263058909407,4.060526674790522,0.8217917541090591,-2540.183317573807,-4.420000001062306
13.46,2.14528767,1.327343482792201,4.042449797650407,0.817944187207799,3517.1769012588093,-6.559999999330046
13.465,2.14498988,1.3306652609767244,4.025419857570792,0.8143246190232754,3712.5756179962514,-8.119999999678697
13.47,2.14472369,1.334377836594721,4.006642064447464,0.8103458534052792,-1563.1897338929641,-9.510000001001018
13.475,2.14448804,1.3394582032298743,3.9818191060798656,0.8050298367701259,-2540.183317577311,-11.50999999993067
13.48,2.14428169,1.343756974998081,3.959052175494857,0.800524715001919,-1563.1897338943875,-13.699999999517416
13.485,2.14410303,1.348641942916498,3.933300743413016,0.7954610870835022,-1758.588450630403,-15.039999999260743
13.49,2.14395016,1.3529407146847048,3.910711135673445,0.7910094453152954,195.3987167360175,-15.459999999905733
13.495,2.14382115,1.3566532903027015,3.8911855442662304,0.7871678596972984,1172.3923004200728,-15.470000001314347
13.5,2.14371406,1.3601704672039616,3.872902514523814,0.7835435927960386,390.7974334760752,-15.229999999633648
13.505,2.14362694,1.3636876441052217,3.854792137549492,0.7799392958947782,781.5948669469086,-14.849999999156438
13.51,2.14355792,1.366618624856272,3.839772886475611,0.7769392951437282,1758.5884506286957,-14.440000000775527
13.515,2.14350517,1.3701358017575318,3.8217070153346993,0.7733693682424683,2149.385884104425,-13.840000000300847
13.52,2.14346689,1.3730667825085818,3.806862379706974,0.7704001074914182,-1563.189733892395,-13.069999999402732
13.525,2.1434414,1.377756351710262,3.783381645363148,0.7656850482897379,-3321.7781845250715,-12.319999999875186
13.53,2.14342713,1.3816643260449957,3.763652049091256,0.7617628039550044,976.9935836823558,-11.509999999930692
13.535,2.14342256,1.3849861042295188,3.746984731422261,0.758436455770481,1367.7910171569467,-10.629999999878684
13.54,2.14342632,1.3890894772809883,3.726521803727848,0.7543368427190118,-1367.7910171566693,-9.810000001383912
13.545,2.14343714,1.3928020528989855,3.708059245517232,0.7506350871010146,-586.1961502078749,-9.019999999680223
13.55,2.14345383,1.3967100272337187,3.688676711069335,0.7467438027662812,1172.3923004206472,-8.249999998492875
13.555,2.14347533,1.3998364067015054,3.673132800095187,0.7436389232984943,-586.1961502114617,-7.510000000650372
13.56,2.14350064,1.4039397797529758,3.652675911315616,0.7395608602470243,-1172.3923004195112,-6.760000000270166
13.565,2.14352888,1.407261557937499,3.636104255329337,0.7362673220625009,2149.385884103289,-5.999999999915226
13.57,2.14355924,1.4101925386885492,3.621481134094058,0.7333667013114509,1172.392300417806,-5.250000000387669
13.575,2.14359103,1.4139051143065458,3.603077358365948,0.7296859156934543,-2149.385884102192,-4.549999999881097
13.58,2.14362363,1.4176176899245423,3.5846033304948755,0.7260059400754577,-586.196150207163,-3.929999999457042
13.585,2.14365653,1.420939468109066,3.5681393095678757,0.722717061890934,1953.987167365176,-3.350000000068156
13.59,2.14368926,1.4240658475768528,3.55265911476655,0.7196234124231471,1758.588450628697,-2.810000000579409
13.595,2.14372145,1.4277784231948494,3.534297173391478,0.7159430268051508,-390.7974334723174,-2.3899999996502737
13.6,2.14375278,1.431490998812846,3.515831149106546,0.7122617811871539,-3321.7781845230816,-2.3299999995175398
13.605,2.14378298,1.4361805680145263,3.492472598847086,0.7076024119854738,-2540.1833175775937,-2.9800000007186416
13.61,2.1438118,1.4395023461990497,3.4754370255132767,0.7043094538009502,1367.7910171558094,-4.060000000549913
13.615,2.14383879,1.442824124383573,3.456983582568591,0.7010146656164271,2735.5820343133278,-4.809999998940588
13.62,2.14386334,1.4455597064178862,3.442711489125747,0.6983036335821136,1172.3923004217847,-4.929999999487254
13.625,2.14388482,1.4490768833191463,3.423506725371784,0.6948079366808535,-390.7974334715413,-4.310000001055554
13.63,2.14390259,1.45239866150367,3.4057717009015263,0.6915039284963302,-781.5948669480515,-3.090000000158918
13.635,2.14391614,1.456111237121667,3.38776004435531,0.6878049028783331,195.3987167360164,-2.1499999996877683
13.64,2.14392524,1.4596284140229263,3.3693339974724617,0.6842968259770739,2149.3858841044253,-2.280000000212201
13.645,2.14392966,1.4631455909241868,3.351178934424621,0.6807840690758131,-195.39871673630023,-4.37999999945778
13.65,2.14392914,1.4674443626923934,3.32921469975448,0.6764847773076066,-5080.36663515434,-9.109999999453006
13.655,2.1439231,1.4723293306108105,3.299698957774474,0.6715937693891894,-1758.5884506321072,-15.34000000049284
13.66,2.14390991,1.4756511087953337,3.2753000183512846,0.6682588012046664,5080.366635152064,-24.010000000488265
13.665,2.14388735,1.478582089546384,3.257579846468321,0.665305260453616,2735.5820343159817,-37.980000000158185
13.67,2.14385221,1.482490063881117,3.219280623044917,0.661362146118883,-3321.778184518442,-50.24000000020239
13.675,2.1437984,1.4869842343660604,3.1756539149633354,0.6568141656339397,-2540.183317577295,-45.77999999953509
13.68,2.14371806,1.4906968099840574,3.1423227624224483,0.6530212500159425,586.1961502066282,-22.479999999235176
13.685,2.14360601,1.4942139868853177,3.133469327913652,0.6493920231146824,586.1961502114614,7.469999999614487
13.69,2.14346168,1.4977311637865771,3.119601010319137,0.645730516213423,1367.7910171575159,39.28999999914305
13.695,2.1432877,1.500857543254364,3.120498723382402,0.6424301567456361,1563.1897338909744,73.94000000005323
13.7,2.14309054,1.5041793214388874,3.130989701800839,0.6389112185611128,-1367.7910171560668,95.3400000003002
13.705,2.14288276,1.5082826944903576,3.1584365698626247,0.6346000655096424,390.79743347593035,87.46000000002452
13.71,2.14267858,1.5116044726748812,3.1390692845800747,0.6310741073251189,2344.7846008394085,67.49000000069921
13.715,2.14248653,1.515121649576141,3.1250050076928275,0.6273648804238587,-3126.379467786783,57.8400000006265
13.72,2.14231326,1.5203974149280313,3.1204045276522483,0.6219158450719686,-2540.183317575606,55.0199999989355
13.725,2.1421665,1.5237191931125544,3.100304694718682,0.6184473068874456,2344.7846008398737,54.1399999991677
13.73,2.14205242,1.5274317687305514,3.0964601948594312,0.6146206512694488,-195.39871673715322,55.450000000692
13.735,2.14197769,1.531535141782021,3.090759935303085,0.6104425482179789,-1758.5884506306845,50.44999999995744
13.74,2.1419502,1.5350523186832816,3.087971190916876,0.6068978813167185,586.1961502083346,39.95999999944104
13.745,2.14197555,1.538374096867805,3.0638695256844968,0.6036014531321952,1172.3923004200776,36.11000000087182
13.75,2.14205705,1.5415004763355915,3.0671880393704,0.6005565736644085,195.3987167394608,32.07000000031718
13.755,2.14220004,1.544822254520115,3.0685234847927005,0.5973777854798852,586.1961502111754,15.06999999894083
13.76,2.14240908,1.5479486339879014,3.042920016905988,0.5944604460120988,1953.987167365567,1.7700000009313612
13.765,2.14268323,1.5510750134556883,3.021220586820208,0.5916082165443115,-195.39871673828907,8.020000000499635
13.77,2.14302136,1.5549829877904218,3.0254497005325467,0.5880383722095783,-1953.9871673672726,15.97999999859286
13.775,2.14342689,1.559086360841892,3.0225230260720557,0.5843405291581083,195.39871673743625,15.480000000423388
13.78,2.14390191,1.5624081390264153,2.9926308747083614,0.5814937709735846,-586.1961502091865,17.940000000465602
13.785,2.144447,1.5669023095113588,3.0111010905272444,0.5775446904886412,-1953.9871673675548,14.059999999177137
13.79,2.14506621,1.5704194864126186,2.99718252166548,0.5746467235873813,586.1961502098668,-11.019999999508627
13.795,2.1457615,1.5739366633138787,2.981833603470442,0.5718248366861212,3126.3794677880583,-36.12999999916104
13.8,2.14652832,1.5770630427816656,2.945774170247653,0.5694652772183342,1367.791017155283,-34.73000000122218
13.805,2.14735937,1.5807756183996624,2.937003400957778,0.5665837516003378,-3517.1769012590994,-22.630000000561807
13.81,2.14825211,1.585465187601342,2.945027879941516,0.5627869223986581,-2149.3858841018664,-27.049999998781402
13.815,2.14920588,1.5887869657858658,2.9072209202273136,0.560418914214134,1953.9871673647121,-38.94000000002657
13.82,2.15021495,1.5921087439703892,2.9005852568132773,0.5581062060296109,1563.1897338915423,-44.070000001001745
13.825,2.15127398,1.595821319588386,2.891387867949356,0.5554526604116141,1953.9871673669654,-45.90999999950611
13.83,2.1523779,1.5989476990561724,2.860290562999934,0.5534302009438274,1.574562702444382e-09,-39.99999999877076
13.835,2.1535196,1.6034418695411163,2.853287045984318,0.5500777304588838,-3126.3794677863243,-23.220000000461823
13.84,2.15469505,1.6079360400260594,2.84374074137879,0.5467590099739406,-586.1961502103239,-5.080000001101013
13.845,2.15590274,1.611648615644056,2.83553473141452,0.5442541243559442,1172.3923004189419,4.34000000069571
13.85,2.15714318,1.615947387412263,2.845156067785429,0.5411957925877369,1367.7910171549588,-0.589999999647489
13.855,2.15841832,1.6198553617469964,2.8259614347311603,0.5385629582530036,1367.7910171572325,-12.460000001511148
13.86,2.15972663,1.624154133515203,2.805359986713963,0.5355724964847972,-2540.1833175744687,-22.119999999859715
13.865,2.16106575,1.629429898867093,2.8016122714722567,0.5316358511329071,-4494.170484944298,-31.789999999036482
13.87,2.16243294,1.6339240693520367,2.7548355442896133,0.5285088706479633,-195.3987167383891,-42.13999999962918
13.875,2.16382291,1.63783204368677,2.7594059192991427,0.52599086631323,3321.778184524981,-53.11999999946928
13.88,2.16523032,1.6407630244378202,2.7221164450552497,0.5244672955621799,1367.7910171563658,-62.84000000077596
13.885,2.16664766,1.64486639748929,2.7039348758898343,0.5217812625107101,-781.5948669474774,-62.1000000001029
13.89,2.16806565,1.6479927769570768,2.672507049419705,0.5200728730429232,-781.5948669469097,-54.73999999964264
13.895,2.16947716,1.6519007512918102,2.673430360364918,0.5175764087081898,586.1961502086186,-56.11000000101496
13.9,2.17087683,1.6548317320428605,2.642006775885362,0.5160450979571396,1563.1897338918284,-61.9700000001466
13.905,2.17225667,1.658153510227384,2.6140829836173625,0.5141031597726158,-195.39871673516413,-57.14999999924248
13.91,2.17360775,1.6618660858453804,2.5994284396735288,0.5117416641546195,1.1365273167029954e-09,-46.130000000064456
13.915,2.17492422,1.6651878640299036,2.582884766711659,0.5097363559700963,2149.385884101846,-41.080000000272946
13.92,2.17620126,1.6689004396479008,2.561662535253166,0.5073008203520992,781.5948669483363,-41.0699999991962
13.925,2.17743368,1.6730038126993705,2.5369038048376176,0.5044298673006296,-3907.9743347329486,-41.26999999957212
13.93,2.17861628,1.678084179334524,2.5081068417519163,0.5005321006654759,-4689.569201681452,-40.830000000655104
13.935,2.17974398,1.6823829511027306,2.4784330810134083,0.4973610288972694,1367.7910171572312,-38.57000000096079
13.94,2.18081154,1.6855093305705175,2.4565495641294115,0.49530220942948255,4494.170484942593,-33.770000000290054
13.945,2.18181429,1.6886357100383045,2.437287373531107,0.4931785799616957,1172.3923004178055,-29.879999999310712
13.95,2.18274847,1.6925436843730377,2.4127179511304373,0.49020478562696224,-586.1961502094642,-45.899999999726674
13.955,2.18361084,1.6962562599910345,2.388858419987755,0.4873545800089656,-1172.392300416584,-118.7399999994999
13.96,2.18439719,1.7003596330425044,2.348461964554841,0.4840375569574955,-2930.9807510510495,-233.48999999973455
13.965,2.18508773,1.7046584048107114,2.173189282101809,0.4804293251892884,-390.7974334762961,-284.8300000008074
13.97,2.18563896,1.707784784278498,2.0835794213329457,0.477854175721502,4103.373051472265,-235.7399999999742
13.975,2.18601147,1.7109111637462844,2.0708557688878027,0.4751003062537156,2930.980751051048,-215.5299999998399
13.98,2.18618895,1.714428340647545,2.052596260759823,0.4717606093524551,-2540.183317579017,-309.9700000010007
13.985,2.18614632,1.7191179098492249,1.971116679662699,0.46702841015077534,-3712.575617997105,-418.059999999816
13.99,2.18583163,1.7232212829006948,1.975364555907062,0.46261034709930526,-195.39871673686707,-393.93999999846847
13.995,2.18518231,1.7267384598019548,2.026734667519831,0.45844385019804523,1563.1897338943922,-239.33000000029028
14.0,2.18414894,1.7304510354199514,2.033415529809714,0.45369790458004866,1563.189733895527,-138.25000000169484
14.005,2.1827255,1.7335774148877383,1.9549979284801664,0.4491480851122618,-195.39871673970535,-156.6400000004312
14.01,2.18090155,1.7376807879392089,1.9050357311598016,0.4432207620607913,-390.7974334748739,-136.49999999814145
14.015,2.17863764,1.7411979648404683,1.9086716935741423,0.4374396751595315,1953.987167369547,-137.35999999881324
14.02,2.17593282,1.7447151417417284,1.898814009879052,0.4312176782582715,-1172.3923004195094,-305.3500000015813
14.025,2.17278223,1.749209312226672,1.7485101469068236,0.42357291777332806,-3712.5756179985274,-372.8700000005042
14.03,2.16910539,1.753508083994879,1.6135603293646943,0.415597306005121,1367.7910171560945,-196.1599999995724
14.035,2.16485392,1.7564390647459287,1.5766576885994976,0.4084148552540714,2149.38588410272,-89.82999999858976
14.04,2.16004639,1.760347039080662,1.4543280744206792,0.3996993509193383,-1758.5884506294806,-83.92999999999893
14.045,2.15465655,1.7642550134153956,1.4158763375528662,0.3904015365846043,586.1961502124224,-5.6600000033404285
14.05,2.14866599,1.767381392883182,1.4493498391303148,0.38128459711681795,2540.1833175758256,-16.10999999925616
14.055,2.14210619,1.7708985697844424,1.3750630766793062,0.3712076202155574,195.39871673488028,-136.8899999982973
14.06,2.13495853,1.7751973415526492,1.2139404402511234,0.35976118844735083,-1367.7910171572323,-137.65000000120563
14.065,2.12718673,1.778909917170646,1.242731031969846,0.3482768128293541,-3321.7781845236514,-39.29999999968231
14.07,2.11878712,1.7839902838057995,1.0665936335751214,0.3347968361942004,-1563.189733892679,25.110000004529866
14.075,2.10976052,1.7869212645568493,1.0965779171798289,0.32283925544315073,2735.5820343156784,87.6399999991263
14.08,2.10011246,1.7904384414581092,0.9199055560081136,0.3096740185418909,2735.582034314672,197.88999999293583
14.085,2.08985267,1.7933694222091594,0.9480526219706,0.29648324779084057,586.1961502079802,265.3900000008384
14.09,2.07902219,1.7972773965438928,0.8526274728830909,0.28174479345610703,-1563.189733893248,241.3100000023917
14.095,2.06766107,1.8009899721618894,0.7597687702334659,0.2666710978381108,-2735.5820343144637,274.7200000001824
14.1,2.0557817,1.80509334521336,0.6660168249566166,0.25068835478663987,195.39871673402615,381.92000000096255
14.105,2.04342703,1.8082197246811464,0.6685668838051996,0.2352073053188537,3712.5756179985256,386.6299999993046
14.11,2.03066571,1.8111507054321965,0.555489386775534,0.2195150045678036,1758.588450632107,305.28000000005886
14.115,2.01753247,1.8152540784836664,0.4432473355436387,0.20227839151633353,-1563.189733895238,205.1700000052499
14.12,2.00406085,1.8191620528184,0.4293452384734669,0.18489879718160007,-2540.183317576075,6.18999999941002
14.125,1.99028267,1.82385162202008,0.2043472360679639,0.16643104797992003,-1563.1897338905505,-189.050000009546
14.13,1.97617229,1.8275641976380768,0.1120943314539756,0.1486080923619233,195.39871673576727,-126.46999999951686
14.135,1.96168382,1.8314721719728104,-0.073862214154393,0.13021164802718954,-586.196150210608,181.7300000044495
14.14,1.94681098,1.8347939501573332,-0.0465132499720112,0.11201702984266682,-1758.588450630402,469.6199999998046
14.145,1.93160945,1.838311127058594,-0.1478601603081394,0.09329832294140616,1563.1897338912577,512.2999999997804
14.15,1.91615865,1.8402651142259605,-0.1485058923125755,0.07589353577403957,2735.582034313895,263.49000000040553
14.155,1.90052918,1.8426098988268005,-0.2689619387806281,0.057919281173199444,-2149.3858841018664,-60.57999999882725
14.16,1.8847276,1.8455408795778503,-0.4759738176410512,0.03918672042214966,-3126.379467787067,-109.68999999477751
14.165,1.8687065,1.847104069311744,-0.5512912736883797,0.02160243068825607,-390.797433473253,156.7299999988744
14.17,1.85245725,1.8484718603289003,-0.6285914611691282,0.003985389671099737,586.1961502115646,407.77999998880307
14.175,1.83603172,1.848667259045637,-0.612158882127632,-0.012635539045636968,390.79743347268413,393.88000000044093
14.18,1.81950433,1.848667259045637,-0.7141977992597272,-0.029162929045637,-1.4215402188710868e-09,212.63000000545821
14.185,1.80291262,1.8478856641786905,-0.8061463771517302,-0.04497304417869041,390.79743347402314,112.44999999974155
14.19,1.78626272,1.8465178731615337,-0.8900810089912597,-0.060255153161533626,-2.8467184165492654e-10,190.43000000039993
14.195,1.76956183,1.844759284710904,-0.9681778521935668,-0.075197454710904,-1563.1897338935328,282.8400000058358
14.2,1.75284487,1.842414500110064,-0.952240582503548,-0.08956963011006391,-781.5948669459171,146.29000000014054
14.205,1.73616978,1.8392881206422769,-1.0444170324380049,-0.10311834064227687,3321.7781845228396,-102.29000001116438
14.21,1.71953362,1.8347939501573332,-1.2067328446281598,-0.11526033015733317,3712.575617995849,-73.200000000459
14.215,1.70288276,1.8306905771058632,-1.2514445263778715,-0.1278078171058632,-976.9935836829256,164.6900000054175
14.22,1.68622668,1.8269780014878667,-1.215711818138189,-0.14075132148786662,-1563.189733893249,160.49000000009804
14.225,1.66962757,1.82267922971966,-1.289101092873017,-0.15305165971965984,2344.7846008393053,-50.180000000074955
14.23,1.65308874,1.81798966051798,-1.43669860073019,-0.1649009205179799,2540.183317576743,-26.939999999908622
14.235,1.6365647,1.8136908887497731,-1.4742986124463768,-0.17712618874977304,-390.79743347288604,242.5700000000664
14.24,1.62006962,1.8101737118485133,-1.4396918390644309,-0.1901040918485133,-976.9935836829249,414.45000000580285
14.245,1.60366721,1.80626573751378,-1.5099499053769418,-0.20259852751378005,-1563.189733892978,379.9500000001045
14.25,1.58741189,1.803139358045993,-1.5017484846346578,-0.21572746804599285,-976.9935836848241,250.05999998854873
14.255,1.57134955,1.7994267824279964,-1.5871073697076146,-0.22807723242799627,1758.5884506309635,138.29999999995323
14.26,1.5554955,1.7953234093765262,-1.6604975959292736,-0.23982790937652632,390.79743347544286,68.02000000561873
14.265,1.53986178,1.7921970299087393,-1.656506062039418,-0.25233524990873923,-1953.987167367271,8.890000000009763
14.27,1.52445875,1.7884844542907428,-1.813772083319811,-0.2640257042907428,-586.1961502103223,2.320000000399318
14.275,1.50927192,1.7849672773894825,-1.7942275954071236,-0.2756953573894825,1172.3923004197948,20.41000000020233
14.28,1.49431053,1.780668505621276,-1.8623205222982608,-0.2863579756212762,390.7974334728848,-29.260000000307286
14.285,1.47958229,1.7771513287200158,-1.9271036346706143,-0.29756903872001583,-390.7974334711812,-93.49999999529052
14.29,1.46507125,1.7730479556685457,-1.9831757374220311,-0.3079767056685456,976.9935836835009,-103.95000000030916
14.295,1.45076363,1.7691399813338122,-2.036096888470152,-0.31837635133381226,-2.5508484213787597e-09,-91.14000001006559
14.3,1.43664741,1.7652320069990788,-2.08618194470695,-0.3285845969990788,-1563.1897338926801,-61.16999999945688
14.305,1.42271199,1.7619102288145554,-2.13698562141212,-0.33919823881455535,976.9935836829253,22.560000005002962
14.31,1.40894787,1.7572206596128757,-2.1795860586453784,-0.34827278961287567,1367.7910171541057,110.98000000004743
14.315,1.3953662,1.7538988814283525,-2.162151738704836,-0.3585326814283525,-586.1961502086174,83.76000000027273
14.32,1.38199519,1.7499909070936184,-2.2256343437564494,-0.36799571709361834,-195.39871673232113,-20.309999995902672
14.325,1.36883724,1.7464737301923583,-2.284481206213873,-0.37763649019235834,-1172.3923004212647,-48.68999999999005
14.33,1.35587313,1.7429565532910989,-2.337918131069761,-0.3870834232910989,-2149.38588410866,-49.69000000928156
14.335,1.3431048,1.7394393763898388,-2.323884118831693,-0.3963345763898387,1563.1897338965503,-125.86000000014201
14.34,1.330533,1.7349452059048949,-2.44652608986522,-0.4044122059048949,4103.373051474255,-114.72999999484227
14.345,1.31811919,1.730646434136688,-2.481309962734158,-0.41252724413668806,-2149.3858841069837,47.23000000013042
14.35,1.30584894,1.7275200546689018,-2.4598164562928004,-0.42167111466890184,-5861.961502102952,54.70000000002642
14.355,1.29376568,1.7241982764843784,-2.4556708495072934,-0.4304325964843785,1367.791017159221,-163.04000000006477
14.36,1.28186818,1.7185317136990148,-2.63372973010862,-0.4366635336990148,4884.967918419174,-289.63000000062374
14.365,1.27009897,1.7142329419308078,-2.5936484110323663,-0.4441339719308077,1367.7910171578017,-244.1599999963346
14.37,1.25842768,1.7093479740123914,-2.689328715712182,-0.4509202940123913,-195.39871673679363,-132.2499999995464
14.375,1.24682943,1.7056353983943944,-2.712846442453743,-0.45880596839439436,-195.3987167397463,101.10999999214539
14.38,1.23528328,1.701336626626188,-2.736697056536552,-0.466053346626188,-1172.3923004212907,381.9499999997917
14.385,1.22382481,1.698210247158401,-2.778179503896216,-0.4743854371584011,-1563.1897338918266,401.20000000415325
14.39,1.21253609,1.6943022728236676,-2.748118058579249,-0.4817661828236677,-390.79743347288553,95.35000000028549
14.395,1.20146706,1.6907850959224076,-2.7959129285265565,-0.48931803592240763,-5.70253178011626e-10,-199.56999999991638
14.4,1.19058731,1.6866817228709376,-2.894587298258723,-0.4960944128709377,195.3987167368687,-253.59000000038287
14.405,1.17985153,1.682969147252941,-2.8602934121168966,-0.5031176172529408,-390.7974334726017,-208.36000000017827
14.41,1.16923737,1.6784749767679974,-2.955783825105205,-0.5092376067679973,-2930.9807510482087,-271.28999999619737
14.415,1.15872463,1.674957799866737,-2.922474261863246,-0.5162331698667371,781.5948669444888,-424.31999999973135
14.42,1.14827791,1.669291237081374,-3.068719369278564,-0.5210133270813739,6057.360218831155,-409.4300000073715
14.425,1.13781507,1.6638200730127473,-3.122946140313876,-0.5260050030127472,2149.385884103355,-115.12000000020831
14.43,1.12728461,1.6599120986780134,-3.06205615569598,-0.5326274886780133,-1563.189733890691,186.72000000408343
14.435,1.11671342,1.6556133269098068,-3.08269431787597,-0.5388999069098068,-2344.784600841861,267.38000000009527
14.44,1.10614235,1.6524869474420203,-3.056317816213914,-0.5463445974420202,-2735.5820343138967,178.9899999992938
14.445,1.0956064,1.6487743718240233,-3.100912401021296,-0.5531679718240232,-586.1961502074832,52.46000000369733
14.45,1.08511851,1.6446709987725534,-3.139841993159649,-0.5595524887725534,586.1961502091868,-20.019999999358134
14.455,1.074673,1.6405676257210835,-3.1755705823741462,-0.5658946257210835,1953.987167363363,-29.33000000766239
14.46,1.06426555,1.635878056519403,-3.206071790516859,-0.5716125065194031,2540.183317577886,-19.44000000062988
14.465,1.0538932,1.6315792847511963,-3.2366867308991982,-0.5776860847511962,-390.7974334708973,-10.77999999580922
14.47,1.04355414,1.6280621078499362,-3.2700320507282474,-0.5845079678499363,-2735.582034314748,-3.2499999994672066
14.475,1.03324756,1.6243495322319397,-3.301595560531448,-0.5911019722319397,-1758.588450631256,3.679999999950496
14.48,1.0229735,1.6208323553306796,-3.3333063483356264,-0.5978588553306796,976.9935836840624,10.489999999661876
14.485,1.01273283,1.6161427861289996,-3.358450694661094,-0.6034099561289996,781.5948669477615,17.179999999682764
14.49,1.00252731,1.6124302105110029,-3.3877580115532395,-0.6099029005110028,195.39871673885924,38.44000000398901
14.495,0.9923595,1.6079360400260594,-3.412596304221565,-0.6155765400260594,1563.189733892612,101.179999999997
14.5,0.98223275,1.6036372682578528,-3.43768959877202,-0.6214045182578528,-3.703348738781642e-09,153.23999999238984
14.505,0.97216601,1.599924692639856,-3.4161184871596983,-0.627758682639856,-1172.3923004191636,91.62000000006594
14.51,0.962191,1.5960167183051226,-3.4567162463181824,-0.6338257183051226,586.1961502117447,-7.149999996299073
14.515,0.9523056,1.5921087439703892,-3.540125122256164,-0.6398031439703892,195.39871673601678,11.120000000062532
14.52,0.94249368,1.5883961683523924,-3.5123953399319308,-0.6459024883523924,-1563.1897338935314,71.19000000045912
14.525,0.93277112,1.585074390167869,-3.548469201567225,-0.652303270167869,5.691447313438402e-10,62.590000000147654
14.53,0.92315191,1.580971017116399,-3.578152967615873,-0.6578191071163991,586.1961502103225,65.02999999952868
14.535,0.91363376,1.577258441498402,-3.607498840126235,-0.6636246814984021,-2149.385884101584,107.12000000296541
14.54,0.90422828,1.573741264597142,-3.59150499045758,-0.669512984597142,-195.398716736357,87.19000000004235
14.545,0.89495855,1.5692470941121983,-3.627059860885936,-0.6742885441121983,4103.373051465354,1.349999993609913
14.55,0.88582991,1.5645575249105188,-3.656752623646912,-0.6787276149105188,1758.5884506273655,-57.83999999995888
14.555,0.87683268,1.5608449492925216,-3.687420924101626,-0.6840122692925216,-2540.1833175741854,-54.5199999967831
14.56,0.86795815,1.5575231711079984,-3.717327651938651,-0.6895650211079984,-1367.7910171555286,-0.319999999903132
14.565,0.85919831,1.5538105954900017,-3.7435494502235898,-0.6946122854900016,195.3987167363017,57.32000000009248
14.57,0.85055848,1.550098019872005,-3.725917947867636,-0.6995395398720049,-586.1961502091854,53.32000000279754
14.575,0.84205512,1.5467762416874815,-3.763617457326028,-0.7047211216874815,-7.480593922082335e-10,22.69999999999493
14.58,0.83368822,1.5424774699192747,-3.792118270963433,-0.7087892499192747,195.39871673448414,21.809999994109717
14.585,0.82545643,1.5391556917347513,-3.780254340791134,-0.7136992617347513,1172.3923004215328,-3.529999999801703
14.59,0.81737007,1.534661521249808,-3.8133792268670086,-0.7172914512498081,976.9935836846291,-74.34999999689092
14.595,0.80942405,1.5311443443485482,-3.845764056043733,-0.7217202943485482,-1758.5884506309706,-107.82000000049311
14.6,0.8016005,1.5278225661640248,-3.8747361394196713,-0.7262220661640247,-195.39871673658382,-72.39000000013021
14.605,0.79388363,1.5237191931125544,-3.896407768316619,-0.7298355631125545,1367.7910171569483,-40.92999999969078
14.61,0.78627169,1.5202020162112944,-3.87909004910235,-0.7339303262112944,-390.7974334740224,-38.84999999982705
14.615,0.77876278,1.5166848393100345,-3.950527247058935,-0.7379220593100345,-586.1961502091863,9.710000002485401
14.62,0.77134271,1.5131676624087744,-3.927660806314975,-0.7418249524087744,-586.1961502085908,62.92999999977502
14.625,0.76402265,1.509650485507514,-3.983640904382426,-0.7456278355075139,-1.2889245226686203e-09,1.6599999948138588
14.63,0.75682327,1.506133308606254,-3.954491898984288,-0.749310038606254,1758.5884506293694,-63.2199999998968
14.635,0.74972617,1.502029935554784,-4.015395602963859,-0.752303765554784,-1367.7910171558117,-12.47999999748464
14.64,0.74271503,1.4990989548037343,-4.036200974121335,-0.7563839248037343,-4103.373051469705,-12.470000000062157
14.645,0.73581012,1.4955817779024738,-4.048364156031311,-0.7597716579024738,1563.1897338926806,-136.4199999997643
14.65,0.72900551,1.4906968099840574,-4.090326309131882,-0.7616912999840574,5275.765351889786,-193.79999999999387
14.655,0.72226203,1.486202639499114,-4.086560940026676,-0.7639406094991139,1367.7910171577996,-115.85000000025454
14.66,0.71555829,1.482490063881117,-4.089494168234276,-0.7669317738811169,-2149.385884101299,4.820000002327333
14.665,0.7088881,1.4791682856965935,-4.096931967577476,-0.7702801856965935,-1758.588450630152,114.0800000005377
14.67,0.70225752,1.47584650751207,-4.0823263142859485,-0.77358898751207,-390.797433477357,160.44999999551004
14.675,0.69569315,1.4723293306108105,-4.166307467544188,-0.7766361806108105,-3517.176901262329,102.51999999926613
14.68,0.68921728,1.4690075524262869,-4.158421089434454,-0.7797902724262868,-3712.5756179959685,-38.879999997766504
14.685,0.68283763,1.46529497680829,-4.210201613440719,-0.7824573468082899,5861.961502102951,-184.95999999957144
14.69,0.67654009,1.4584560217225064,-4.15305754519932,-0.7819159317225064,5080.366635156328,-221.58000000019365
14.695,0.67028266,1.4543526486710363,-4.151855054506127,-0.7840699886710363,-2930.9807510487763,-155.27999999819227
14.7,0.66404099,1.4500538769028295,-4.152423046847046,-0.7860128869028294,1172.3923004169715,-95.96999999970637
14.705,0.65780666,1.444582712834203,-4.179597247218487,-0.786776052834203,2930.980751045622,-39.050000003936276
14.71,0.6515647,1.4408701372162065,-4.176058409403052,-0.7893054372162065,-1953.9871673664181,71.06999999991282
14.715,0.64531366,1.4371575615982095,-4.176217317219779,-0.7918439015982095,-2344.7846008390216,187.40000000193663
14.72,0.63907217,1.4338357834136866,-4.249969802101692,-0.7947636134136865,-1953.9871673672733,209.1899999997862
14.725,0.63287473,1.4301232077956894,-4.290715298038696,-0.7972484777956893,-1367.7910171558103,100.89999999991525
14.73,0.6267508,1.4266060308944293,-4.299284569041332,-0.7998552308944292,3321.7781845253576,-18.16999999981195
14.735,0.62069906,1.421525664259276,-4.250657563097116,-0.800826604259276,3907.974334733974,9.650000000292323
14.74,0.61470149,1.4178130886412792,-4.276120199345979,-0.8031115986412792,-2930.9807510504806,126.2500000020639
14.745,0.60876848,1.4146867091734927,-4.290303585589387,-0.8059182291734928,-4298.771768207213,139.3499999998242
14.75,0.60293389,1.411364930988969,-4.313595344965329,-0.8084310409889691,1563.189733890988,40.58999999586564
14.755,0.59720924,1.4066753617872891,-4.327093923145572,-0.8094661217872892,2344.7846008385427,-26.79000000000474
14.76,0.59158735,1.4029627861692924,-4.342997141315664,-0.8113754361692924,-195.39871673630114,-3.1599999979208633
14.765,0.58606193,1.3990548118345592,-4.356202307397135,-0.8129928818345592,-390.7974334737401,55.41000000008211
14.77,0.58063508,1.394951438783089,-4.377236677647976,-0.8143163587830891,-1758.5884506292648,50.08999999994285
14.775,0.57532339,1.3916296605985656,-4.375437955426586,-0.8163062705985656,1.4219308282954654e-09,-46.03999999993647
14.78,0.57013249,1.3869400913968852,-4.387297900270326,-0.8168076013968852,3517.176901260237,-133.45999999992023
14.785,0.56504371,1.3826413196286786,-4.391942707543177,-0.8175976096286787,1367.7910171577998,-123.25999999852905
14.79,0.56003354,1.3789287440106817,-4.376120924852509,-0.8188952040106816,-1953.9871673664265,-47.59000000005261
14.795,0.55508943,1.3756069658261585,-4.408465810497121,-0.8205175358261585,-2149.385884106241,1.4099999966501855
14.8,0.55021497,1.372285187641635,-4.416482177202826,-0.8220702176416351,-1367.791017157239,-8.389999999943427
14.805,0.54541296,1.3685726120236386,-4.421957242188985,-0.8231596520236386,5.682068149326369e-10,-31.47999999818407
14.81,0.54067819,1.3648600364056418,-4.427066311184217,-0.8241818464056418,1367.79101715695,-36.710000000043664
14.815,0.53600591,1.3601704672039616,-4.427003164353942,-0.8241645572039616,195.398716737722,-33.890000000130044
14.82,0.53139172,1.3566532903027015,-4.4323687298736845,-0.8252615703027015,976.9935836851985,-31.459999998448296
14.825,0.52683157,1.351768322384285,-4.430719301630233,-0.8249367523842849,1758.5884506304656,-22.6499999998357
14.83,0.52232167,1.3478603480495512,-4.433552173340634,-0.8255386780495513,-1758.5884506315956,4.939999996694354
14.835,0.51785848,1.3443431711482912,-4.438103698936039,-0.8264846911482912,-781.5948669455768,28.029999999896262
14.84,0.51344539,1.3402397980968213,-4.424249755028764,-0.8267944080968213,1953.9871673675564,0.19000000193580036
14.845,0.50909158,1.3361364250453511,-4.431325984280442,-0.8270448450453511,-781.5948669480447,-43.6100000000321
14.85,0.50479091,1.3330100455775644,-4.4467748229735,-0.8282191355775644,-1172.3923004203627,-33.38000000027998
14.855,0.50053106,1.3291020712428308,-4.438995038256497,-0.8285710112428307,976.9935836840609,2.570000000118398
14.86,0.49631462,1.3253894956248342,-4.444302182337623,-0.8290748756248343,195.39871673686972,19.520000000101305
14.865,0.49214354,1.3220677174403108,-4.450089352414917,-0.8299241774403108,195.39871673829145,33.26000000129304
14.87,0.48801909,1.318355141822314,-4.430764354390384,-0.8303360518223141,-390.797433472649,44.42000000000138
14.875,0.48394854,1.3152287623545271,-4.444536940588085,-0.8312802223545271,-1563.1897338965346,33.889999997215995
14.88,0.47993758,1.3121023828867409,-4.425073509564934,-0.8321648028867409,586.1961502104896,5.4599999999666124
14.885,0.47599048,1.3081944085520072,-4.439820327532601,-0.8322039285520072,586.196150212882,-12.15999999857317
14.89,0.47210398,1.3050680290842205,-4.451857608324808,-0.8329640490842205,-1367.7910171572312,-7.689999999910981
14.895,0.46827482,1.3015508521829606,-4.428619996073553,-0.8332760321829606,-195.39871673743772,-15.98000000008534
14.9,0.46450613,1.2978382765649636,-4.442879743319642,-0.8333321465649637,1563.1897338943845,-41.49000000012609
14.905,0.46079387,1.2939303022302302,-4.450016047305617,-0.8331364322302302,8.519123184669297e-10,-37.86999999981529
14.91,0.45712805,1.2902177266122334,-4.454313942887195,-0.8330896766122334,-1367.7910171559533,-9.509999998728176
14.915,0.45350614,1.28689594842771,-4.42967834103877,-0.83338980842771,1367.79101715472,-9.530000000195344
14.92,0.44993187,1.28220637922603,-4.435756396263981,-0.8322745092260301,781.5948669437888,-39.560000002507905
14.925,0.44640212,1.2790799997582434,-4.44471159076295,-0.8326778797582434,-1953.9871673658856,-58.02999999982785
14.93,0.44290806,1.2751720254235102,-4.446577041303173,-0.8322639654235102,9.95474931867662e-10,-48.68999999864691
14.935,0.43944225,1.2712640510887767,-4.446343859602311,-0.8318218010887768,586.1961502100398,-22.610000000185764
14.94,0.43599859,1.2671606780373064,-4.443768465410893,-0.8311620880373063,-1172.3923004197957,-11.610000000104236
14.945,0.43257784,1.2634481024193098,-4.414258240371158,-0.8308702624193098,1172.3923004216424,-30.619999998649185
14.95,0.42918085,1.2587585332176296,-4.441372212823612,-0.8295776832176296,3517.1769012598165,-24.379999999924898
14.955,0.42579728,1.254459761449423,-4.434561209260327,-0.828662481449423,-1367.7910171594726,31.36999999753492
14.96,0.42242422,1.2511379832648997,-4.405636305477472,-0.8287137632648996,-5471.164068625956,50.889999999849046
14.965,0.41907619,1.247816205080376,-4.37727987097092,-0.8287400150803761,-781.5948669457716,-4.559999998720329
14.97,0.41576007,1.2429312371619592,-4.415064191012078,-0.8271711671619593,3907.9743347329786,-51.289999999896985
14.975,0.41246546,1.2380462692435428,-4.406683980206056,-0.8255808092435428,1367.7910171570904,-45.96000000020783
14.98,0.40918384,1.2333567000418626,-4.398326437498809,-0.8241728600418625,-781.5948669457715,-39.47999999994339
14.985,0.4059138,1.2290579282736558,-4.391551273634402,-0.8231441282736558,2149.3858841032875,-49.089999999838554
14.99,0.40264957,1.2237821629217658,-4.400487300080782,-0.8211325929217658,1172.3923004199362,-36.41999999892859
14.995,0.39938173,1.220069587303769,-4.391329511171326,-0.820687857303769,-1953.987167367227,0.08000000007958086
15.0,0.39610817,1.2163570116857725,-4.382569200473541,-0.8202488416857725,-2.2580479708267376e-09,35.10999999761728
15.005,0.39283283,1.212253638634302,-4.372610125102684,-0.8194208086343019,-390.7974334739081,76.91999999984449
15.01,0.38955972,1.2091272591665154,-4.367925603285531,-0.8195675391665154,-2149.385884102433,114.43000000135358
15.015,0.38630221,1.2056100822652551,-4.366662804565702,-0.8193078722652551,390.79743347416576,96.32000000003927
15.02,0.38308114,1.201702107930522,-4.359124764308402,-0.8186209679305219,1172.3923004199346,32.88999999988323
15.025,0.3799043,1.1979895323125254,-4.352348312667029,-0.8180852323125254,-1367.7910171578012,-15.160000000023246
15.03,0.37676875,1.1944723554112653,-4.346720883127055,-0.8177036054112653,-1758.5884506304021,-35.97000000006406
15.035,0.37367199,1.1905643810765318,-4.339504895062836,-0.8168923910765318,1367.791017159223,-35.2299999988782
15.04,0.37060739,1.1860702105915883,-4.354386204068003,-0.8154628205915884,1563.189733894231,-7.869999999908217
15.045,0.36756931,1.1815760401066449,-4.310876109843633,-0.8140067301066449,-2149.3858841063993,11.019999997967446
15.05,0.36456183,1.1778634644886483,-4.306945946085446,-0.8133016344886483,586.1961502113065,-8.399999999947397
15.055,0.36158839,1.172587699136758,-4.295112357606618,-0.8109993091367581,4689.569201682447,-25.269999999154592
15.06,0.35864309,1.1677027312183414,-4.311390454973679,-0.8090596412183415,-1563.1897338943872,-9.00000000001451
15.065,0.35572083,1.1641855543170812,-4.271302633851203,-0.8084647243170812,-5080.366635154621,-3.339999999881101
15.07,0.3528259,1.160277579982348,-4.267404925148735,-0.8074516799823479,2344.7846008420047,-28.409999999185885
15.075,0.34995763,1.1548064159137212,-4.282980235196252,-0.8048487859137212,3321.7781845243785,-40.75999999998679
15.08,0.34710692,1.1505076441455144,-4.267820378110768,-0.8034007241455144,-2540.1833175785164,-33.340000001873925
15.085,0.34427038,1.1467950685275177,-4.256933583859151,-0.8025246885275177,195.39871673950904,-26.76000000007075
15.09,0.34144539,1.141714701892364,-4.266310388056242,-0.8002693118923638,2735.582034315461,-1.0099999990135018
15.095,0.33862574,1.1376113288408942,-4.249097612207888,-0.7989855888408942,-1758.5884506315388,40.890000000006495
15.1,0.33581455,1.134094151939634,-4.207566726039809,-0.7982796019396339,-1367.791017157376,55.19000000006999
15.105,0.3330227,1.129990778888164,-4.2024423146953325,-0.796968078888164,1172.3923004192256,45.83000000011101
15.11,0.33025529,1.125887405836694,-4.19647868786347,-0.7956321158366941,-586.1961502103225,41.159999999892904
15.115,0.32751645,1.1225656276521707,-4.1611722026599205,-0.7950491776521706,-1367.7910171535373,28.92000000077516
15.12,0.32481344,1.1182668558839637,-4.16287782546826,-0.7934534158839637,-195.39871673498436,2.470000000099901
15.125,0.32214815,1.1147496789827036,-4.165031093679044,-0.7926015289827035,1367.791017153363,-15.820000001802384
15.13,0.31951792,1.109864711064287,-4.1578382636534,-0.790346791064287,1367.7910171550739,-19.0900000000221
15.135,0.31692027,1.106347534163027,-4.15549220820269,-0.7894272641630269,586.1961502106069,-13.819999999001936
15.14,0.31435291,1.1020487623948203,-4.148000373960182,-0.7876958523948203,-195.39871673729738,2.2599999999072082
15.145,0.31181372,1.098726984210297,-4.14432000290856,-0.786913264210297,-2344.784600840014,19.70999999994065
15.15,0.30930459,1.0954052060257735,-4.108170752403206,-0.7861006160257735,-1367.7910171555259,15.310000000142509
15.155,0.30683076,1.0916926304077768,-4.110474171150275,-0.7848618704077768,1563.1897338941005,-7.539999999935475
15.16,0.30439267,1.0875892573563064,-4.108351224976084,-0.7831965873563065,1758.588450630259,-19.269999999275598
15.165,0.3019867,1.08387668173831,-4.105155577159337,-0.78188998173831,-195.39871673712526,-6.530000000092528
15.17,0.29960961,1.080164106120313,-4.100132998883897,-0.780554496120313,-2540.1833175780616,11.789999998370888
15.175,0.29726227,1.0770377266525264,-4.065285703684487,-0.7797754566525263,-1172.3923004192688,9.09000000005642
15.18,0.29494888,1.0729343536010565,-4.0656660289626565,-0.7779854736010565,2540.1833175773095,-11.119999999140433
15.185,0.29266926,1.0686355818328497,-4.061380060480509,-0.7759663218328496,1563.189733893532,-24.22000000006487
15.19,0.29041957,1.064727607498116,-4.056263638321588,-0.7743080374981159,-390.7974334731683,-20.770000000034614
15.195,0.28819655,1.0612104305968562,-4.051202506590989,-0.7730138805968562,195.39871673772177,-4.059999999128294
15.2,0.28599746,1.057107057545386,-4.0418993863258805,-0.7711095975453861,-2149.385884102739,13.18999999993082
15.205,0.28382337,1.054371475511073,-4.008363274782493,-0.7705481055110729,-1563.189733895399,10.57999999833305
15.21,0.28167849,1.0502681024596026,-4.006800555292736,-0.7685896124596026,2149.3858841042775,-8.579999999848937
15.215,0.27956291,1.0459693306913955,-4.00108097657747,-0.7664064206913955,195.3987167387155,-21.259999999188466
15.22,0.27747324,1.0426475525068724,-3.997878345511846,-0.7651743125068724,2.830802259268239e-10,-18.530000000112878
15.225,0.27540659,1.0381533820219289,-3.987218550071523,-0.7627467920219289,1563.189733893391,-3.319999999895842
15.23,0.27336045,1.0344408064039323,-3.979300645729024,-0.7610803564039323,-1758.5884506312545,9.360000000065185
15.235,0.27133588,1.0309236295026722,-3.942455109122791,-0.7595877495026723,-2735.582034314606,-5.330000000078641
15.24,0.2693368,1.0272110538846757,-3.942126971361768,-0.7578742538846757,1172.3923004222113,-33.479999999351826
15.245,0.26736014,1.0225214846829955,-3.961957788714362,-0.7551613446829955,2344.784600841114,-28.950000000071228
15.25,0.26539696,1.0182227129147887,-3.9454225940733623,-0.7528257529147887,390.7974334706694,3.1999999985624257
15.255,0.26344589,1.0141193398633186,-3.902497866149061,-0.7506734498633185,586.1961502103527,14.910000000165319
15.26,0.26151198,1.0098205680951118,-3.895749712977205,-0.7483085880951118,976.9935836851989,-0.029999999178116354
15.265,0.25959633,1.006107992477115,-3.8900668844772928,-0.7465116624771151,-1758.5884506304021,-9.660000000160096
15.27,0.25769677,1.002590815575855,-3.88388733885993,-0.7448940455758549,-4103.373051470558,-2.5300000000785587
15.275,0.25581143,0.9994644361080682,-3.878741030133465,-0.7436530061080682,195.39871673729505,0.7900000001011165
15.28,0.25394167,0.9947748669063884,-3.8368864519207206,-0.7408331969063884,4494.170484944156,-14.030000000034903
15.285,0.25208866,0.990085297704708,-3.858202592296864,-0.737996637704708,195.39871673743946,-26.399999999427727
15.29,0.25024747,0.986568120803448,-3.847033544862448,-0.736320650803448,-2540.1833175775923,-18.849999999912896
15.295,0.24841399,0.982464747751978,-3.833032670884888,-0.734050757751978,781.5948669435058,-6.31000000126506
15.3,0.24658777,0.9781659759837712,-3.818307502345825,-0.7315782059837712,2149.3858841034403,4.009999999970539
15.305,0.24476857,0.9740626029323012,-3.804755187221556,-0.7292940329323012,195.39871673843254,26.340000000645382
15.31,0.24295626,0.9703500273143044,-3.7932388540349145,-0.7273937673143044,-1953.987167367698,50.25999999997478
15.315,0.24115641,0.9670282491297812,-3.785590749637518,-0.7258718391297813,-1172.3923004206474,44.50000000002353
15.32,0.23937928,0.9633156735117844,-3.774256403243789,-0.7239363935117844,1367.7910171589356,19.38000000063181
15.325,0.23762777,0.9594076991770508,-3.76184128589038,-0.7217799291770508,390.7974334740137,6.280000000005913
15.33,0.23590133,0.9558905222757909,-3.724742440018348,-0.7199891922757908,-1953.9871673686307,-1.830000001206571
15.335,0.23420203,0.9525687440912672,-3.723113161071564,-0.7183667140912673,-976.9935836827923,-19.380000000045086
15.34,0.23252869,0.9484653710397972,-3.7153666558246408,-0.7159366810397972,781.5948669470488,-39.04999999946511
15.345,0.23087736,0.944557396705064,-3.706685008537786,-0.713680036705064,1953.987167367556,-49.47999999995454
15.35,0.22924198,0.9400632262201204,-3.718731446300228,-0.7108212462201204,1758.5884506309721,-38.98999999993595
15.355,0.22761471,0.9361552518853872,-3.700432028435454,-0.7085405418853872,-781.5948669481878,-8.630000000060644
15.36,0.22599172,0.9326380749841272,-3.685572614825287,-0.7066463549841272,-2149.385884103856,17.019999999980794
15.365,0.22437509,0.929120898082867,-3.646762070371035,-0.704745808082867,-390.7974334713232,17.670000000649207
15.37,0.22276928,0.9254083224648704,-3.640169306150295,-0.7026390424648704,1758.5884506301581,2.4400000000154805
15.375,0.22117552,0.9213049494134,-3.629871147217594,-0.7001294294134001,195.39871673420564,-5.580000001222821
15.38,0.21959233,0.9179831712288768,-3.622532503159768,-0.6983908412288768,-1758.588450630156,2.74000000001886
15.385,0.21801844,0.9144659943276168,-3.61345295284409,-0.6964475543276167,390.79743347388154,14.840000000653824
15.39,0.21645529,0.9105580199928834,-3.57701729897619,-0.6941027299928835,1172.3923004192266,12.659999999975959
15.395,0.21490659,0.9068454443748868,-3.573024645136131,-0.6919388543748868,-1367.7910171558106,-1.5600000000760375
15.4,0.213373,0.9035236661903632,-3.5684649470198697,-0.6901506661903631,-586.1961502086181,-8.640000000000384
15.405,0.21185263,0.8996156918556298,-3.559082002756126,-0.6877630618556299,1758.5884506298335,-0.03999999997036241
15.41,0.2103439,0.8955123188041597,-3.547347089106531,-0.6851684188041597,4.270361841918202e-10,11.920000000494412
15.415,0.20884792,0.8921905406196363,-3.514814702180225,-0.6833426206196364,-1367.7910171574808,9.990000000063276
15.42,0.20736795,0.888282566284903,-3.509654460667192,-0.680914616284903,-195.39871673931728,-3.4900000009935397
15.425,0.20590438,0.8845699906669061,-3.50292103651072,-0.6786656106669061,390.7974334739903,-10.130000000099244
15.43,0.20445514,0.8804666176154361,-3.492263396541577,-0.6760114776154361,-586.1961502083341,-4.029999999488808
15.435,0.20301852,0.8765586432807027,-3.481231610090851,-0.6735401232807027,1.432454155292362e-10,1.2400000000312232
15.44,0.20159534,0.8724552702292327,-3.4454781410596507,-0.6708599302292327,1953.987167366703,-3.330000000012724
15.445,0.20018631,0.8675703023108159,-3.4571156109655776,-0.6673839923108159,-390.7974334727452,-11.509999999504338
15.45,0.19878979,0.8642485241262925,-3.422919074600733,-0.6654587341262925,-781.5948669478514,-18.020000000018477
15.455,0.19740442,0.8595589549246124,-3.432665460018776,-0.6621545349246124,2540.183317573814,-18.850000000973818
15.46,0.19602698,0.8554555818731422,-3.415241677424293,-0.6594286018731422,586.1961502091647,-8.629999999982136
15.465,0.19465483,0.8517430062551457,-3.4000106036074573,-0.6570881762551457,-2540.1833175760335,10.410000000505015
15.47,0.19328806,0.8486166267873589,-3.388226633036854,-0.655328566787359,-976.993583682642,30.059999999993043
15.475,0.19192891,0.8447086524526255,-3.3518747240134985,-0.6527797424526255,586.19615021075,35.68999999998976
15.48,0.19058344,0.8411914755513653,-3.3239139503084374,-0.6506080355513653,-1.4168222151056398e-10,19.38000000006319
15.485,0.18925672,0.8374788999333687,-3.3211693798793487,-0.6482221799333687,-586.1961502101806,-2.7400000000100135
15.49,0.18794881,0.8337663243153719,-3.3152371410981267,-0.6458175143153719,-1172.3923004186577,-12.979999999630117
15.495,0.18665764,0.8300537486973752,-3.3068615077740144,-0.6433961086973752,195.3987167360953,-13.109999999985398
15.5,0.18538143,0.8257549769291685,-3.2938515043022742,-0.6403735469291685,2930.9807510464743,-10.920000000887669
15.505,0.18411869,0.821260806444225,-3.2786071993543517,-0.637142116444225,1367.7910171563205,-8.900000000043406
15.51,0.18286819,0.8173528321094915,-3.2653545503123262,-0.6344846421094915,-1758.5884506278444,-5.269999999519818
15.515,0.18162895,0.8140310539249681,-3.254428382533962,-0.6324021039249681,-781.5948669469094,3.3200000000374246
15.52,0.18040019,0.8099276808734982,-3.2392376867604766,-0.6295274908734982,390.7974334726014,14.079999999979265
15.525,0.17918315,0.8066059026889748,-3.208376782035724,-0.6274227526889748,-390.79743347316986,19.06000000001856
15.53,0.17798075,0.8026979283542414,-3.199355492980805,-0.6247171783542413,-586.1961502096117,13.830000000041743
15.535,0.17679537,0.799376150169718,-3.172512822633297,-0.622580780169718,1.8484058728063246e-09,-3.049999999582809
15.54,0.17562893,0.7952727771182478,-3.1650372622648426,-0.6196438471182478,195.39871673725713,-22.290000000076155
15.545,0.17447944,0.7917556002169878,-3.175963854971271,-0.6172761602169877,781.5948669434903,-24.07000000086847
15.55,0.17334168,0.7876522271655179,-3.1583237673758227,-0.6143105471655179,195.39871673562456,-7.819999999927482
15.555,0.17221307,0.783939651547521,-3.142733104558918,-0.611726581547521,-2735.58203431148,2.580000000413939
15.56,0.17109493,0.7806178733629977,-3.111761557983623,-0.6095229433629977,195.3987167382898,-2.46000000000609
15.565,0.16998844,0.7761237028780542,-3.1153323456542217,-0.6061352628780542,4689.569201680172,-2.1399999999611126
15.57,0.16889126,0.7714341336763741,-3.0941572163322792,-0.6025428736763742,-586.1961502103238,12.790000000358233
15.575,0.16780309,0.768503152925324,-3.065049172656516,-0.6007000629253241,-3517.1769012608297,18.73999999996188
15.58,0.16672853,0.7647905773073274,-3.037561487130209,-0.5980620473073274,1172.3923004170474,7.189999999221129
15.585,0.16566981,0.7604918055391207,-3.045116979403129,-0.5948219955391206,1563.1897338925924,0.35000000005042153
15.59,0.16462548,0.7571700273545973,-3.0166181805595964,-0.5925445473545973,-195.39871673544803,5.730000000418713
15.595,0.16359579,0.7532620530198638,-3.0065067034092494,-0.5896662630198638,-976.9935836839195,8.619999999944454
15.6,0.16258246,0.7501356735520771,-2.982151278565219,-0.5875532135520771,-1563.1897338935305,1.5599999999700174
15.605,0.16158676,0.7466184966508169,-2.9762260564950838,-0.5850317366508169,-195.39871673615704,-8.959999999991652
15.61,0.16060809,0.7427105223160836,-2.96609374308405,-0.5821024323160836,-586.1961502101833,-16.009999999991713
15.615,0.15964428,0.7389979466980869,-2.955190835391052,-0.579353666698087,-586.196150208478,-21.4999999996488
15.62,0.15869341,0.7346991749298801,-2.940167789079976,-0.5760057649298801,2344.7846008403094,-25.699999999971563
15.625,0.15775234,0.7298142070114633,-2.9367181308241905,-0.5720618670114632,1563.1897338902718,-21.410000000639535
15.63,0.15681692,0.7255154352432566,-2.915391405856452,-0.5686985152432565,-1563.1897338942392,-10.140000000025974
15.635,0.15588524,0.7214120621917866,-2.895925833942155,-0.5655268221917865,390.79743347416525,-0.6599999997368187
15.64,0.15495721,0.7167224929901064,-2.8742901045673954,-0.5617652829901063,2930.98075105048,7.110000000008547
15.645,0.15403284,0.712228322505163,-2.8538973650452544,-0.5581954825051629,9.931682143360376e-10,13.470000000044536
15.65,0.15311362,0.7087111456039029,-2.823859216138003,-0.555597525603903,-3126.3794677869237,11.6099999999796
15.655,0.15220225,0.7051939687026428,-2.813522804256064,-0.5529917187026429,-1758.5884506308275,2.87000000000182
15.66,0.15129962,0.7014813930846462,-2.8013851805701986,-0.5501817730846462,-586.1961502080496,-4.439999999661303
15.665,0.15040508,0.6971826213164394,-2.7851920872539,-0.5467775413164394,-195.39871673607968,-8.949999999984307
15.67,0.14951808,0.693274646981706,-2.770302366536105,-0.543756566981706,3907.974334729437,-8.620000000636171
15.675,0.14863689,0.6876080841963426,-2.7604168395188418,-0.5389711941963425,3126.3794677847386,-0.3700000000730661
15.68,0.14776005,0.6838955085783458,-2.727567320161206,-0.5361354585783458,-2930.980751048065,6.530000000353702
15.685,0.14688906,0.6803783316770857,-2.7149076896643702,-0.5334892716770857,-1758.5884506291222,4.31000000011397
15.69,0.14602516,0.6764703573423524,-2.6999929014548822,-0.5304451973423524,1758.588450629974,-0.2900000000673941
15.695,0.14516812,0.672562383007619,-2.6847137159055827,-0.5273942630076189,390.79743347387966,-0.33999999979871376
15.7,0.14431772,0.6692406048230957,-2.6720802055208592,-0.5249228848230957,-2149.3858841037622,4.670000000051157
15.705,0.14347378,0.6659188266385723,-2.6592857502497957,-0.5224450466385723,-1953.9871673687712,10.069999999426418
15.71,0.14263739,0.6625970484540489,-2.632875980179287,-0.5199596584540489,390.7974334744807,8.189999999950661
15.715,0.14181071,0.6582982766858421,-2.619017714879714,-0.5164875666858421,781.5948669484713,0.21000000034034372
15.72,0.14099424,0.6545857010678453,-2.606850780332432,-0.5135914610678454,781.5948669466254,-6.449999999969577
15.725,0.1401871,0.6500915305829019,-2.589862007355479,-0.5099044305829019,1172.3923004198673,-11.76000000004532
15.73,0.13938848,0.6459881575314318,-2.5741015531579783,-0.5065996775314318,390.7974334732404,-14.850000000006776
15.735,0.1385965,0.6420801831966985,-2.571713318258168,-0.5034836831966985,586.1961502102522,-7.769999999976257
15.74,0.13780835,0.6379768101452282,-2.55139343043674,-0.5001684601452282,-195.39871673558883,6.640000000271456
15.745,0.13702406,0.6346550319607048,-2.5229591726699128,-0.4976309719607048,-1172.3923004206445,15.029999999989396
15.75,0.13624608,0.6311378550594449,-2.5108215078275973,-0.49489177505944487,-390.79743347586344,13.459999999501296
15.755,0.13547642,0.6276206781581847,-2.485398209034841,-0.4921442581581847,-781.5948669468343,7.229999999993957
15.76,0.1347167,0.6242988999736614,-2.476962749080954,-0.48958219997366137,-586.196150209328,3.050000000168872
15.765,0.13396704,0.6205863243556646,-2.465356662713383,-0.4866192843556646,390.7974334733124,2.9600000000232143
15.77,0.13322744,0.6166783500209313,-2.4390334860657803,-0.4834509100209313,390.7974334734546,0.5300000000829854
15.775,0.13249897,0.6129657744029345,-2.4291387821973265,-0.48046680440293454,1953.987167367342,-6.140000000041475
15.78,0.13178126,0.6086670026347278,-2.4147700914444483,-0.4768857426347278,1563.1897338941003,-9.370000000004453
15.785,0.13107274,0.6051498257334678,-2.403026035206041,-0.47407708573346774,-2344.784600839375,-5.099999999735861
15.79,0.13037202,0.6022188449824176,-2.393331515759878,-0.4718468249824176,-2344.784600840972,0.8499999999793459
15.795,0.12967898,0.5987016680811577,-2.3678862400315266,-0.46902268808115766,976.9935836804798,1.2899999995137996
15.8,0.12899462,0.5949890924631609,-2.356924184766177,-0.4659944724631609,2344.784600840344,0.44999999998877627
15.805,0.12831854,0.5912765168451641,-2.3446366446988205,-0.46295797684516415,195.39871673871585,5.340000000267246
15.81,0.12765035,0.5879547386606407,-2.3211093465125647,-0.4603043886606407,-2540.183317577099,8.320000000008825
15.815,0.12699187,0.5852191566263274,-2.303331626319592,-0.4582272866263274,-781.5948669474762,0.7399999999434002
15.82,0.12634455,0.581311182291594,-2.2940119466892845,-0.45496663229159395,586.1961502112487,-10.049999999762136
15.825,0.12570729,0.5779894041070706,-2.285323565766586,-0.45228211410707053,-781.5948669465556,-14.479999999913932
15.83,0.12507796,0.5742768284890738,-2.2730463356406223,-0.4491988684890738,781.5948669437134,-13.520000000469441
15.835,0.12445475,0.5701734554376038,-2.257673259931845,-0.4457187054376038,2344.784600840024,-10.320000000087154
15.84,0.1238361,0.5660700823861337,-2.241406129215963,-0.44223398238613365,586.196150211887,-4.289999999755944
15.845,0.12322073,0.5625529054848736,-2.227458597739242,-0.4393321754848736,-976.993583683707,1.8800000000495682
15.85,0.12260865,0.5590357285836136,-2.201674014351095,-0.4364270785836136,-390.79743347366826,1.8099999999955738
15.855,0.12200094,0.5557139503990901,-2.1913927472200827,-0.4337130103990901,390.797433473667,-2.4500000000138655
15.86,0.12139749,0.55219677349783,-2.178973323911196,-0.43079928349783003,-1563.1897338927502,-2.8900000000045196
15.865,0.12079719,0.54926579274678,-2.1686751824203414,-0.42846860274678,-2735.582034311977,-1.0299999997798928
15.87,0.12020017,0.5459440145622566,-2.144788480178425,-0.4257438445622566,586.1961502088728,-1.4199999999873985
15.875,0.11960659,0.5416452427940499,-2.140487026667986,-0.4220386527940499,976.9935836802717,-1.7300000004285963
15.88,0.11901566,0.5375418697425798,-2.1110497385480453,-0.4185262097425798,-781.5948669463651,-3.6800000000326705
15.885,0.11842772,0.5334384966911098,-2.095550355800877,-0.41501077669110975,3321.778184523864,-8.959999999813789
15.89,0.11784223,0.527967332622483,-2.082601639426286,-0.410125102622483,3907.9743347325516,-8.57999999997387
15.895,0.1172569,0.523863959571013,-2.06227620409196,-0.40660705957101295,-1953.9871673660632,1.1300000000425348
15.9,0.11667092,0.5205421813864896,-2.0462670889641124,-0.40387126138648954,-3712.5756179966065,10.08999999999856
15.905,0.11608555,0.5168296057684928,-2.01893674107502,-0.4007440557684928,-976.993583683778,10.099999999973308
15.91,0.11550286,0.5133124288672327,-2.005590400749967,-0.39780956886723273,2930.980751052043,4.480000000182352
15.915,0.11492376,0.5086228596655527,-1.9858327969124947,-0.39369909966555267,2540.18331757777,1.4100000000077468
15.92,0.11434815,0.5053010814810293,-1.9723001102038773,-0.3909529314810293,-1758.5884506323005,4.8399999996289615
15.925,0.11377601,0.5021747020132425,-1.9594539670512543,-0.38839869201324256,-3321.778184523492,11.850000000016196
15.93,0.1132082,0.4990483225454558,-1.937157698924424,-0.3858401225454558,-1758.5884506289806,14.130000000172661
15.935,0.11264714,0.4957265443609323,-1.916549775481838,-0.38307940436093224,-4.547473508864641e-13,6.489999999957011
15.94,0.11209486,0.491232373875989,-1.9012847709031668,-0.379137513875989,976.9935836829249,-5.08999999995671
15.945,0.11155128,0.4875197982579922,-1.8883688737383932,-0.37596851825799216,2540.183317579301,-10.559999999771403
15.95,0.11101462,0.4818532354726288,-1.8737688099067824,-0.3708386154726288,-390.79743346887153,-12.819999999858998
15.955,0.11048334,0.4785314572881053,-1.8493714904374696,-0.3680481172881053,-4494.170484943325,-12.820000000197698
15.96,0.10995692,0.473451090652952,-1.83715593451926,-0.363494170652952,-4689.569201682365,-10.760000000332218
