t_qd,qd_rad,t_q,q_rad,tau
0.0,[0.00034419],0.0,-0.07561930337709137,9.998999999999999
0.005,[0.00166314],0.005,-0.07561930337709137,10.098989999999999
0.01,[0.00413286],0.01,-0.07581470209382805,10.099989899999999
0.015,[0.00754274],0.015,-0.07581470209382805,10.099999898999998
0.02,[0.01170234],0.02,-0.07581470209382805,10.099999998989999
0.025,[0.016441],0.025,-0.07581470209382805,1.8527884494115874
0.03,[0.02160698],0.03,-0.07581470209382805,-9.980472115505883
0.035,[0.02706656],0.035,-0.07483770851014471,-10.098804721155057
0.04,[0.0327029],0.04,-0.07405611364319802,-10.09998804721155
0.045,[0.03841505],0.045,-0.07307912005951467,-10.099999880472115
0.05,[0.04411678],0.05,-0.07229752519256799,-10.09999999880472
0.055,[0.0497354],0.055,-0.07151593032562131,-10.099999999988047
0.06,[0.05521063],0.06,-0.0709297341754113,-10.099999999999879
0.065,[0.06049347],0.065,-0.07053893674193797,-10.099999999999998
0.07,[0.06554532],0.07,-0.07014813930846461,-10.099999999999998
0.075,[0.0703371],0.075,-0.07014813930846461,-10.099999999999998
0.08,[0.07484807],0.08,-0.07014813930846461,-5.100499999999999
0.085,[0.07906453],0.085,-0.07014813930846461,-5.050504999999999
0.09,[0.08297989],0.09,-0.07014813930846461,-5.050005049999999
0.095,[0.08659326],0.095,-0.07014813930846461,-6.388852204635803
0.1,[0.0899076],0.1,-0.07014813930846461,-3.8935374150154787
0.105,[0.09293004],0.105,-0.07034353802520128,-1.951268585285418
0.11,[0.0956703],0.11,-0.07034353802520128,-0.769356474299891
0.115,[0.09813979],0.115,-0.07034353802520128,-0.02426031789660117
0.12,[0.10035343],0.12,-0.07034353802520128,0.9479028442096511
0.125,[0.10232911],0.125,-0.07034353802520128,1.5053126255697538
0.13,[0.10408416],0.13,-0.06995274059172794,1.6581925576161898
0.135,[0.10563512],0.135,-0.06819415214109792,2.0128712326078815
0.14,[0.10700224],0.14,-0.06350458293941783,2.907608915834433
0.145,[0.10820893],0.145,-0.05959660860468442,3.1960602210550553
0.15,[0.10927455],0.15,-0.05627483042016103,2.991551065412807
0.155,[0.11021458],0.155,-0.05217145736869095,3.131821408774936
0.16,[0.11104552],0.16,-0.049045077900904226,3.2073358011769924
0.165,[0.11178461],0.165,-0.04513710356617083,2.681482280267606
0.17,[0.11244824],0.17,-0.04083833179796408,2.413982764335845
0.17500000000000002,[0.11305359],0.17500000000000002,-0.036734958746494004,3.0015199348644988
0.18,[0.1136183],0.18,-0.03224078826155059,3.240551342123849
0.185,[0.11415509],0.185,-0.02911440879376387,2.8665054712171485
0.19,[0.11467212],0.19,-0.025988029325977144,2.6533046853713156
0.195,[0.11517885],0.195,-0.0216892575577704,2.514406098651173
0.2,[0.11568365],0.2,-0.018562878089983675,1.6225555179241256
0.20500000000000002,[0.11619199],0.20500000000000002,-0.014264106321776927,1.2418147084226332
0.21,[0.11671328],0.21,-0.009574537120096843,1.9135475176233325
0.215,[0.11726013],0.215,-0.005080366635153426,2.2236264855724532
0.22,[0.11783909],0.22,-0.0019539871673667024,1.8967290475524186
0.225,[0.1184513],0.225,0.0011723923004200215,2.111966120245142
0.23,[0.11910001],0.23,0.004494170484943416,2.1732033706439715
0.23500000000000001,[0.11979023],0.23500000000000001,0.00879294225315016,1.7863770542666448
0.24,[0.12052617],0.24,0.012505517871146895,1.573604711120233
0.245,[0.12130867],0.245,0.015436498622196948,1.3953409758425832
0.25,[0.12213831],0.25,0.020321466540613703,1.7281490659124898
0.255,[0.1230179],0.255,0.02305704857492709,1.4301783066870881
0.26,[0.12394687],0.26,0.02618342804271381,1.2862809663399113
0.265,[0.12492177],0.265,0.02989600366071055,0.8241407768368028
0.27,[0.12594212],0.27,0.033803977995443955,1.3454392103003816
0.275,[0.12701287],0.275,0.03790735104691403,1.2314452189569598
0.28,[0.12813503],0.28,0.04161992666491077,1.0979395371592446
0.28500000000000003,[0.12930642],0.28500000000000003,0.046504894583327516,1.3752140687539849
0.29,[0.13053075],0.29,0.050803666351534264,1.7088760658471107
0.295,[0.1318078],0.295,0.05393004581932099,1.1896916870254757
0.3,[0.13313102],0.3,0.05725182400384438,0.931777836619809
0.305,[0.13449446],0.305,0.06037820347163111,0.7569129582117566
0.31,[0.13589891],0.31,0.06584936754025787,0.9896486018962287
0.315,[0.13735084],0.315,0.06975734187499127,0.7632207776812717
0.32,[0.13884901],0.32,0.07307912005951467,0.8560408725997242
0.325,[0.14038876],0.325,0.07718249311098475,0.8505059817584971
0.33,[0.14196878],0.33,0.0806996700122448,0.9636320594310099
0.335,[0.14358746],0.335,0.08441224563024154,0.6397593603030914
0.34,[0.14524286],0.34,0.08832021996497495,0.6091393717622281
0.34500000000000003,[0.14692969],0.34500000000000003,0.09203279558297167,0.4255396762654211
0.35000000000000003,[0.14864302],0.35000000000000003,0.0971131622181251,0.4844248625650628
0.355,[0.15038446],0.355,0.1010211365528585,0.4735279908507414
0.36,[0.15215495],0.36,0.10492911088759192,0.44866415585157876
0.365,[0.15394866],0.365,0.10825088907211532,0.3557488670693541
0.37,[0.15575725],0.37,0.11196346469011205,0.3725779358458475
0.375,[0.15757343],0.375,0.11528524287463544,0.3314226030206813
0.38,[0.15939398],0.38,0.11880241977589551,0.37302515227339283
0.385,[0.16121922],0.385,0.12231959667715558,0.3363894381901783
0.39,[0.16304935],0.39,0.1266183684453623,0.36064242897196325
0.395,[0.16488754],0.395,0.13072174149683238,0.34720284437605936
0.4,[0.16673643],0.4,0.13404351968135578,0.3381667842469051
0.405,[0.16859203],0.405,0.13697450043240583,0.30345205633863703
0.41000000000000003,[0.17044474],0.41000000000000003,0.1404916773336659,0.27275311445462974
0.41500000000000004,[0.17228952],0.41500000000000004,0.14498584781860932,0.3032245382180742
0.42,[0.17412838],0.42,0.1485030247198694,0.26754469177438966
0.425,[0.17596013],0.425,0.1524109990546028,0.26725814898335953
0.43,[0.17778392],0.43,0.15651437210607286,0.26322625846678277
0.435,[0.17960235],0.435,0.16022694772406962,0.25905674112213584
0.44,[0.1814178],0.44,0.163548725908593,0.25528068138260485
0.445,[0.18323236],0.445,0.1674567002433264,0.2475031592486648
0.45,[0.18504788],0.45,0.16999688356090312,0.24596960754927483
0.455,[0.18686595],0.455,0.17449105404584653,0.23414938136756092
0.46,[0.1886848],0.46,0.17859442709731663,0.1945001073708512
0.465,[0.19049977],0.465,0.18269780014878667,0.1927083272106136
0.47000000000000003,[0.19231017],0.47000000000000003,0.18582417961657338,0.19293539137998536
0.47500000000000003,[0.19411859],0.47500000000000003,0.19012295138478016,0.18519781342715777
0.48,[0.19592724],0.48,0.19364012828604024,0.17974438532139242
0.485,[0.19773793],0.485,0.1975481026207736,0.17147437415213543
0.49,[0.19955215],0.49,0.20106527952203365,0.1641405071946736
0.495,[0.20137099],0.495,0.2047778551400304,0.1552988184505275
0.5,[0.20319521],0.5,0.2080996333245538,0.14795589784595456
0.505,[0.20502218],0.505,0.21161681022581388,0.11055255727797328
0.51,[0.20684644],0.51,0.2155247845605473,0.10829367115280818
0.515,[0.20866638],0.515,0.218651164028334,0.10743254071429749
0.52,[0.21048062],0.52,0.22158214477938404,0.07624267125107716
0.525,[0.21228489],0.525,0.22509932168064412,0.0790359289666736
0.53,[0.21407867],0.53,0.22822570114843083,0.07986229067825215
0.535,[0.21586157],0.535,0.23154747933295422,0.04834960119311691
0.54,[0.21763027],0.54,0.23486925751747764,0.052827122145178346
0.545,[0.21938806],0.545,0.2389726305689477,0.07742222599879794
0.55,[0.22114076],0.55,0.24209901003673442,0.04056013299403764
0.555,[0.22288728],0.555,0.24542078822125782,0.03927432186098324
0.56,[0.22462673],0.56,0.24913336383925455,0.034128444766436235
0.5650000000000001,[0.22636428],0.5650000000000001,0.25245514202377795,0.056287281125804264
0.5700000000000001,[0.22810717],0.5700000000000001,0.25577692020830134,0.04331420317502664
0.5750000000000001,[0.22985848],0.5750000000000001,0.25890329967608805,0.03289493421601559
0.58,[0.23161477],0.58,0.26144348299366477,-0.0008185049050375857
0.585,[0.23337016],0.585,0.26359286887776817,0.0035917327706831057
0.59,[0.23512258],0.59,0.2665238496288182,0.00259116958995265
0.595,[0.23687323],0.595,0.26886863422965823,0.003368369152236616
0.6,[0.23862316],0.6,0.271408817547235,0.0022169678391278065
0.605,[0.24037327],0.605,0.27394900086481166,0.0005887458607758156
0.61,[0.24212135],0.61,0.2759029880321784,-0.026454935380103822
0.615,[0.24386262],0.615,0.2782477726330184,-0.019577093676638378
0.62,[0.24559609],0.62,0.28020175980038514,-0.013350653339877675
0.625,[0.24732393],0.625,0.2819603482510151,-0.008032446351918219
0.63,[0.24904805],0.63,0.2837189367016452,-0.003969156697719408
0.635,[0.25077006],0.635,0.2852821264355385,-0.00010588115458171478
0.64,[0.25249128],0.64,0.28645451873595856,0.005096936966346831
0.645,[0.25420989],0.645,0.2874315123196419,-0.016568689601705437
0.65,[0.25592144],0.65,0.28860390462006197,-0.003959325791010345
0.655,[0.25762219],0.655,0.28938549948700865,-0.01991878581962858
0.66,[0.25931193],0.66,0.29036249307069195,0.024839742655712965
0.665,[0.2609963],0.665,0.29114408793763863,0.03220135687938935
0.67,[0.26268016],0.67,0.29153488537111205,0.03983310994147808
0.675,[0.26436168],0.675,0.292121081521322,0.019659749480205723
0.68,[0.26603636],0.68,0.292707277671532,0.03382174315702166
0.685,[0.26770319],0.685,0.29329347382174203,0.04544051933183576
0.6900000000000001,[0.26936407],0.6900000000000001,0.29387966997195203,0.05495737423950356
0.6950000000000001,[0.27102052],0.6950000000000001,0.2942704674054254,0.0639831616169572
0.7000000000000001,[0.27267373],0.7000000000000001,0.2946612648388987,0.07193844084730029
0.705,[0.27432186],0.705,0.29505206227237213,0.0531569127953611
0.71,[0.27596328],0.71,0.29563825842258207,0.09166640696482571
0.715,[0.27759925],0.715,0.29602905585605543,0.07064889316474036
0.72,[0.27922816],0.72,0.29661525200626543,0.08149455982547495
0.725,[0.28084864],0.725,0.2970060494397388,0.09145677201693482
0.73,[0.28245955],0.73,0.29759224558994873,0.07332521184262705
0.735,[0.28405736],0.735,0.29798304302342216,0.0885457785857366
0.74,[0.28564181],0.74,0.2987646378903688,0.09907951496686478
0.745,[0.28721546],0.745,0.29935083404057883,0.10824993522375191
0.75,[0.28877798],0.75,0.2999370301907889,0.09029992258874406
0.755,[0.29032918],0.755,0.3007186250577355,0.12865729285568528
0.76,[0.29187428],0.76,0.3015002199246822,0.13191619905889324
0.765,[0.29341778],0.765,0.3020864160748922,0.13577646673523489
0.77,[0.29495825],0.77,0.3026726122251022,0.114625668299559
0.775,[0.29649189],0.775,0.3036496058087855,0.1243162798598069
0.78,[0.29801561],0.78,0.3044312006757322,0.10698035636696004
0.785,[0.29952686],0.785,0.3054081942594156,0.12059992788040066
0.79,[0.30102889],0.79,0.3065805865598356,0.15448395746279642
0.795,[0.30252973],0.795,0.3075575801435189,0.15492197807842614
0.8,[0.30403097],0.8,0.30833917501046565,0.13136609881497452
0.805,[0.30552873],0.805,0.3095115673108857,0.13854416675664147
0.81,[0.3070249],0.81,0.31087935832804237,0.16743644096420865
0.8150000000000001,[0.30852624],0.8150000000000001,0.31205175062846235,0.16432791187115905
0.8200000000000001,[0.31003314],0.8200000000000001,0.3130287442121457,0.13846777774969288
0.8250000000000001,[0.3115381],0.8250000000000001,0.3143965352293024,0.11796132178409607
0.8300000000000001,[0.31303731],0.8300000000000001,0.3161551236799325,0.15180627922579273
0.835,[0.31453522],0.835,0.31771831341382584,0.15084552408029536
0.84,[0.31603552],0.84,0.3194769018644558,0.14868744805647768
0.845,[0.31753868],0.845,0.32104009159834923,0.14702986619813843
0.85,[0.31904484],0.85,0.3226032813322426,0.14518452200570264
0.855,[0.3205539],0.855,0.32436186978287257,0.1423285303526033
0.86,[0.3220656],0.86,0.32572966080002924,0.14139264190343329
0.865,[0.32357707],0.865,0.327097451817186,0.11664438255919277
0.87,[0.32508333],0.87,0.3290514389845527,0.11968125297990787
0.875,[0.32658246],0.875,0.330614628718446,0.1225142865759145
0.88,[0.32807279],0.88,0.3319824197356028,0.10122878299758507
0.885,[0.32955283],0.885,0.33393640690296944,0.1294651308051664
0.89,[0.3310259],0.89,0.3360857927870728,0.12394037417226604
0.895,[0.3324947],0.895,0.3382351786711762,0.1180367269501023
0.9,[0.33395899],0.9,0.34018916583854286,0.11327661835742481
0.905,[0.33541845],0.905,0.34233855172264627,0.10768305500612758
0.91,[0.33687266],0.91,0.3440971401732763,0.10431018612530576
0.915,[0.33831904],0.915,0.345464931190433,0.08107470567687522
0.92,[0.33975312],0.92,0.3476143170745364,0.0822991661976019
0.925,[0.34117336],0.925,0.34956830424190305,0.08271587720214743
0.93,[0.34258278],0.93,0.3519130888427431,0.10082828609644091
0.935,[0.3439839],0.935,0.35347627857663644,0.07348144465132828
0.9400000000000001,[0.3453746],0.9400000000000001,0.3552348670272665,0.07351381937875483
0.9450000000000001,[0.34675307],0.9450000000000001,0.3573842529113699,0.07074711031385701
0.9500000000000001,[0.3481199],0.9500000000000001,0.3591428413619999,0.06929276942308508
0.9550000000000001,[0.3494756],0.9550000000000001,0.3607060310958933,0.06823851356262124
0.96,[0.35082063],0.96,0.3628554169799967,0.06404658552474518
0.965,[0.35215338],0.965,0.3646140054306266,0.04093415137105875
0.97,[0.35347052],0.97,0.3659817964477834,0.0462691017367445
0.975,[0.35477135],0.975,0.36793578361515006,0.04669161546866003
0.98,[0.35605734],0.98,0.3696943720657801,0.04665111497648288
0.985,[0.35732783],0.985,0.37106216308293677,0.02733352351656582
0.99,[0.35858044],0.99,0.3726253528168302,0.0324715378279054
0.995,[0.35981707],0.995,0.37457933998419685,0.05277813115622189
1.0,[0.36104321],1.0,0.37672872586830025,0.04521267676543433
1.0050000000000001,[0.36226154],1.0050000000000001,0.3782919156021936,0.04096381628577775
1.01,[0.36347231],1.01,0.3800505040528236,0.03608737164157702
1.0150000000000001,[0.36467567],1.0150000000000001,0.381613693786717,0.032379799255503924
1.02,[0.36587166],1.02,0.383372282237347,0.028067188609164843
1.025,[0.36706022],1.025,0.3849354719712404,0.02452562897196768
1.03,[0.36824123],1.03,0.38630326298839707,0.022175306579050345
1.035,[0.36941281],1.035,0.38747565528881706,0.0028826545099525157
1.04,[0.3705716],1.04,0.38903884502271047,0.0049693308397213715
1.045,[0.37171653],1.045,0.3902112373231304,0.007522644097176388
1.05,[0.37285009],1.05,0.3915790283402871,0.025268670384915485
1.055,[0.37397602],1.055,0.39255602192397054,0.02184099361458779
1.06,[0.37509409],1.06,0.3937284142243905,0.0013830568914889412
1.065,[0.37619928],1.065,0.3945100090913372,-0.011010198551994253
1.07,[0.37728905],1.07,0.3956824013917572,0.012301038640294045
1.075,[0.37836615],1.075,0.39646399625870393,0.013525778822668552
1.08,[0.37943295],1.08,0.397050192408914,0.015705505423820446
1.085,[0.38048988],1.085,0.3976363885591239,0.018095713505253658
1.09,[0.38153741],1.09,0.3980271859925973,0.021725982301524987
1.095,[0.38257443],1.095,0.39841798342607065,0.008857760658518999
1.1,[0.38359855],1.1,0.39841798342607065,0.01933610691785775
1.105,[0.38460947],1.105,0.3986133821428072,0.02804913978738115
1.11,[0.38560866],1.11,0.39880878085954397,0.03563069415817295
1.115,[0.38659909],1.115,0.39880878085954397,0.059828429802835564
1.12,[0.38758338],1.12,0.39900417957628065,0.04500703058868548
1.125,[0.38855913],1.125,0.39900417957628065,0.03635768644610202
1.1300000000000001,[0.38952289],1.1300000000000001,0.3991995782930173,0.04748850115714776
1.135,[0.39047499],1.135,0.39939497700975396,0.05651010792539898
1.1400000000000001,[0.39141746],1.1400000000000001,0.3995903757264907,0.06385494756713707
1.145,[0.39235216],1.145,0.3997857744432273,0.07001459425562213
1.1500000000000001,[0.39328232],1.1500000000000001,0.40017657187670064,0.09067345395856215
1.155,[0.39421072],1.155,0.40017657187670064,0.07534974433305926
1.16,[0.39513659],1.16,0.40056736931017395,0.07982972793720029
1.165,[0.39605929],1.165,0.40095816674364737,0.08381486249214544
1.17,[0.39698142],1.17,0.40154436289385737,0.10223161754605962
1.175,[0.39790516],1.175,0.40173976161059405,0.08545154734382697
1.18,[0.39882918],1.18,0.4021305590440673,0.08946300064769601
1.185,[0.39975078],1.185,0.4025213564775407,0.07657728554577604
1.19,[0.40066918],1.19,0.4033029513444874,0.09836900317562343
1.195,[0.40158529],1.195,0.4036937487779607,0.08358001709775933
1.2,[0.40249982],1.2,0.40447534364490745,0.10335884762361369
1.205,[0.40341337],1.205,0.4050615397951174,0.08662572438004906
1.21,[0.40432487],1.21,0.40545233722859075,0.09168895874301856
1.215,[0.40523487],1.215,0.40603853337880075,0.1105448882432552
1.22,[0.4061453],1.22,0.4068201282457474,0.0920080758438406
1.225,[0.40705479],1.225,0.4076017231126941,0.0942382180090289
1.23,[0.40796209],1.23,0.40838331797964084,0.09577500681151016
1.235,[0.40886764],1.235,0.4093603115633242,0.09563394992653687
1.24,[0.40977027],1.24,0.4101419064302709,0.0807965836113949
1.245,[0.41066752],1.245,0.4111189000139542,0.08467719334876851
1.25,[0.41156024],1.25,0.41209589359763754,0.10214605446615191
1.2550000000000001,[0.41245204],1.2550000000000001,0.41307288718132085,0.09896100783360715
1.26,[0.41334305],1.26,0.4140498807650042,0.08109241198419427
1.2650000000000001,[0.41423044],1.2650000000000001,0.41522227306542425,0.08215050110841468
1.27,[0.41511327],1.27,0.4161992666491076,0.08339644311259517
1.2750000000000001,[0.41599356],1.2750000000000001,0.4175670576662643,0.09650073395670004
1.28,[0.41687301],1.28,0.41873944996668433,0.07619856187785776
1.285,[0.41775021],1.285,0.4199118422671044,0.07592639372750602
1.29,[0.41862392],1.29,0.42108423456752436,0.0751110517549239
1.295,[0.41949451],1.295,0.42245202558468103,0.07285519879390497
1.3,[0.42036228],1.3,0.42342901916836445,0.07243443622920756
1.305,[0.4212275],1.305,0.42460141146878444,0.07084266405435424
1.31,[0.42209041],1.31,0.4259692024859411,0.06817090926648602
1.315,[0.42294982],1.315,0.4269461960696245,0.05277557424095716
1.32,[0.42380478],1.32,0.4283139870867812,0.06887096961501758
1.325,[0.42465728],1.325,0.42968177810393793,0.06508210117264017
1.33,[0.42550905],1.33,0.4310495691210946,0.06152868659010806
1.335,[0.42636017],1.335,0.43241736013825127,0.058099405546538016
1.34,[0.42721073],1.34,0.43378515115540794,0.054987313121080655
1.345,[0.4280608],1.345,0.434957543455828,0.052973155133162406
1.35,[0.42891047],1.35,0.43632533447298466,0.050112487528533076
1.355,[0.42975978],1.355,0.4374977267734046,0.0482084681120837
1.36,[0.43060875],1.36,0.439060916507298,0.04439498118053941
1.365,[0.43145742],1.365,0.44023330880771805,0.04237677259661899
1.37,[0.43230578],1.37,0.4416010998248747,0.03950773478075207
1.375,[0.43315512],1.375,0.4433596882755048,0.04911430804500702
1.3800000000000001,[0.43400651],1.3800000000000001,0.4443366818591881,0.029740327822018825
1.385,[0.43485806],1.385,0.4453136754428715,0.029871252589216787
1.3900000000000001,[0.4357081],1.3900000000000001,0.44629066902655484,0.029917193233557172
1.395,[0.43655654],1.395,0.44746306132697483,0.02859588332447817
1.4000000000000001,[0.43740197],1.4000000000000001,0.4486354536273949,0.013004890324947652
1.405,[0.4382418],1.405,0.4498078459278149,0.01538646554349254
1.41,[0.43907524],1.41,0.45058944079476154,0.018451393115936666
1.415,[0.43990168],1.415,0.4515664343784449,0.006278227131597095
1.42,[0.44071943],1.42,0.4523480292453916,0.011760772956307999
1.425,[0.44152839],1.425,0.453325022829075,0.014601554673587813
1.43,[0.44232976],1.43,0.45430201641275836,0.016169968643667675
1.435,[0.44312459],1.435,0.4552790099964417,0.016993196075082016
1.44,[0.44391383],1.44,0.4560606048633884,0.018309824818386625
1.445,[0.44469834],1.445,0.4570375984470717,0.01825469323614581
1.45,[0.44547763],1.45,0.4576237945972817,0.0061737361857807024
1.455,[0.44625005],1.455,0.4584053894642284,0.010745100976096926
1.46,[0.4470156],1.46,0.45938238304791174,0.013373283444188127
1.465,[0.44777567],1.465,0.45996857919812173,0.016881610006516036
1.47,[0.4485315],1.47,0.4607501740650684,0.018770828319925867
1.475,[0.44928423],1.475,0.4613363702152784,0.021301076661312875
1.48,[0.4500349],1.48,0.46211796508222514,0.022424846048612765
1.485,[0.45078445],1.485,0.4628995599491718,0.023446102737791456
1.49,[0.45153374],1.49,0.46368115481611855,0.024300850448802962
1.495,[0.45228356],1.495,0.46407195224959186,0.027045876504014667
1.5,[0.45303464],1.5,0.4646581483998018,0.02869753569101543
1.5050000000000001,[0.45378631],1.5050000000000001,0.4652443445500118,0.016077607160528966
1.51,[0.4545367],1.51,0.4660259394169585,0.020816608575080685
1.5150000000000001,[0.45528565],1.5150000000000001,0.46661213556716846,0.025411315062132248
1.52,[0.45603445],1.52,0.46719833171737857,0.02916493180123748
1.5250000000000001,[0.4567829],1.5250000000000001,0.46758912915085193,0.018621227284635423
1.53,[0.45752954],1.53,0.46837072401779856,0.024404017543609657
1.5350000000000001,[0.4582746],1.5350000000000001,0.4689569201680086,0.02982295174966484
1.54,[0.45901831],1.54,0.4695431163182186,0.019142509569274872
1.545,[0.45975958],1.545,0.46993391375169197,0.02776100495672613
1.55,[0.46049901],1.55,0.47052010990190196,0.03395280110510519
1.555,[0.46123858],1.555,0.47110630605211196,0.038763582376753584
1.56,[0.46197865],1.56,0.47149710348558527,0.028087004508772898
1.565,[0.4627196],1.565,0.47227869835253194,0.05012823416217414
1.57,[0.46346469],1.57,0.472864894502742,0.051741274996279216
1.575,[0.46421673],1.575,0.47345109065295204,0.053158029445823464
1.58,[0.46497518],1.58,0.47384188808642536,0.03993697448706477
1.585,[0.46573809],1.585,0.47442808423663535,0.04599141448437766
1.59,[0.46650528],1.59,0.47520967910358203,0.04986307280531391
1.595,[0.46727813],1.595,0.47560047653705534,0.054742364503109764
1.6,[0.46805778],1.6,0.476382071404002,0.05702408818153899
1.605,[0.46884521],1.605,0.476968267554212,0.05964061401832198
1.61,[0.46964119],1.61,0.47755446370442206,0.062001469198146204
1.615,[0.47044635],1.615,0.4781406598546321,0.0642042356963042
1.62,[0.47126115],1.62,0.4789222547215788,0.06509410926019629
1.625,[0.47208434],1.625,0.4795084508717888,0.05062113692720891
1.6300000000000001,[0.47291327],1.6300000000000001,0.4800946470219988,0.05721870095526639
1.635,[0.47374722],1.635,0.4808762418889455,0.061313161237156806
1.6400000000000001,[0.47458709],1.6400000000000001,0.48165783675589213,0.06425703350337286
1.645,[0.47543362],1.645,0.4824394316228388,0.06667298153282673
1.6500000000000001,[0.47628738],1.6500000000000001,0.4834164252065221,0.06750794068071234
1.655,[0.47714726],1.655,0.48400262135673217,0.053164578778847754
1.6600000000000001,[0.47801067],1.6600000000000001,0.4847842162236789,0.05921393514955817
1.665,[0.47887859],1.665,0.48576120980736226,0.07942519888254997
1.67,[0.47975339],1.67,0.48654280467430894,0.06136025433269887
1.675,[0.48063386],1.675,0.4873243995412556,0.06510683481647707
1.68,[0.48151889],1.68,0.488301393124939,0.06711605168812629
1.685,[0.48240913],1.685,0.48927838670862234,0.06849249025670098
1.69,[0.48330346],1.69,0.490059981575569,0.053188736031405094
1.695,[0.4841993],1.695,0.4910369751592523,0.05848510697078925
1.7,[0.48509603],1.7,0.4920139687429357,0.06218410719289391
1.705,[0.48599315],1.705,0.49279556360988236,0.048555309886516476
1.71,[0.48688859],1.71,0.49396795591030235,0.05404589996102573
1.715,[0.48778222],1.715,0.494749550777249,0.0593525244319248
1.72,[0.48867554],1.72,0.49592194307766907,0.0612155890257017
1.725,[0.48956977],1.725,0.49689893666135243,0.06294582625837802
1.73,[0.49046587],1.73,0.4980713289617725,0.06273914661369215
1.735,[0.4913646],1.735,0.4992437212621924,0.062154589613921084
1.74,[0.49226648],1.74,0.5002207148458758,0.06201523269551568
1.745,[0.49317183],1.745,0.5015885058630325,0.059547514163957
1.75,[0.49408081],1.75,0.5025654994467159,0.058865941170731094
1.7550000000000001,[0.49499185],1.7550000000000001,0.5035424930303992,0.04176231353920111
1.76,[0.49590353],1.76,0.5047148853308193,0.060494443873317615
1.7650000000000001,[0.49681607],1.7650000000000001,0.5056918789145026,0.042189793063592135
1.77,[0.49772803],1.77,0.5066688724981859,0.044606359301159915
1.7750000000000001,[0.49863809],1.7750000000000001,0.5080366635153426,0.044000187414488925
1.78,[0.49954657],1.78,0.5092090558157627,0.04355769760834063
1.7850000000000001,[0.50045362],1.7850000000000001,0.5103814481161826,0.04234582929937689
1.79,[0.50135927],1.79,0.511358441699866,0.04175105588027834
1.795,[0.50226344],1.795,0.512530834000286,0.04005897430091374
1.8,[0.50316457],1.8,0.5135078275839694,0.024195973072390915
1.805,[0.50406129],1.805,0.5146802198843894,0.04137762215355724
1.81,[0.50495519],1.81,0.5156572134680728,0.03926605572328178
1.815,[0.50584759],1.815,0.5170250044852295,0.03543721720920997
1.82,[0.50673678],1.82,0.5178065993521761,0.020199443870898892
1.825,[0.50761992],1.825,0.5187835929358594,0.022858434696795226
1.83,[0.50849595],1.83,0.5197605865195428,0.024453702542574694
1.835,[0.50936537],1.835,0.5207375801032261,0.02528660864430817
1.84,[0.51022731],1.84,0.5217145736869095,0.01130543556211639
1.845,[0.5110811],1.845,0.5228869659873295,0.028499764871261924
1.85,[0.51192888],1.85,0.5242547570044862,0.02520449049787274
1.855,[0.5127725],1.855,0.5250363518714329,0.02478816318673518
1.86,[0.51361355],1.86,0.526794940322063,0.03379225338956009
1.865,[0.51445341],1.865,0.5277719339057463,0.014717723579233358
1.87,[0.51529192],1.87,0.5289443262061664,0.028017032893525654
1.875,[0.51613027],1.875,0.5299213197898497,0.024107538473485197
1.8800000000000001,[0.51697082],1.8800000000000001,0.531484509523743,0.03229519291381065
1.885,[0.51781427],1.885,0.5322661043906898,0.013277816520393946
1.8900000000000001,[0.51865853],1.8900000000000001,0.5328523005408997,0.014824637539965907
1.895,[0.51950189],1.895,0.5340246928413197,0.013666928247773305
1.9000000000000001,[0.5203443],1.9000000000000001,0.5350016864250031,0.01367977820501018
1.905,[0.52118583],1.905,0.5359786800086865,0.013765226426624626
1.9100000000000001,[0.52202663],1.9100000000000001,0.5369556735923698,0.014051472114490175
1.915,[0.52286838],1.915,0.5377372684593165,0.03019962621589986
1.92,[0.52371257],1.92,0.5385188633262632,0.012448297787951895
1.925,[0.52455775],1.925,0.5393004581932099,0.01494381457523893
1.93,[0.52540282],1.93,0.5400820530601566,0.01749042292099781
1.935,[0.52624838],1.935,0.5408636479271033,0.019636985905747455
1.94,[0.52709508],1.94,0.5418406415107866,0.02069697568659466
1.945,[0.52794508],1.945,0.54281763509447,0.03748007359382709
1.95,[0.52880033],1.95,0.54340383124468,0.019957997396730782
1.955,[0.52966107],1.955,0.5443808248283633,0.03823703925942528
1.96,[0.53052913],1.96,0.54516241969531,0.03670143056292882
1.965,[0.53140614],1.965,0.54574861584552,0.03698580159146305
1.97,[0.53229034],1.97,0.5465302107124667,0.020426707079774623
1.975,[0.5331787],1.975,0.5473118055794133,0.025723032978823408
1.98,[0.53407029],1.98,0.54809340044636,0.030135367335664805
1.985,[0.53496599],1.985,0.5486795965965701,0.03466064060314506
1.99,[0.53586663],1.99,0.5494611914635167,0.037712456829160454
1.995,[0.53677295],1.995,0.5502427863304634,0.040269937882548894
2.0,[0.53768394],2.0,0.5508289824806734,0.02607621680698449
2.005,[0.53859711],2.005,0.5514151786308834,0.0342375288338957
2.0100000000000002,[0.53951376],2.0100000000000002,0.5523921722145668,0.05660008026990084
2.015,[0.54044014],2.015,0.5533691657982501,0.07238496383260172
2.02,[0.54137981],2.02,0.5541507606651968,0.049614131353341334
2.025,[0.54233054],2.025,0.5549323555321435,0.05106642653228989
2.0300000000000002,[0.54329036],2.0300000000000002,0.5559093491158269,0.051731624002968844
2.035,[0.54425749],2.035,0.5566909439827735,0.03500553664269803
2.04,[0.54522864],2.04,0.5574725388497203,0.04156172779461521
2.045,[0.54620441],2.045,0.5586449311501402,0.06235699038720522
2.05,[0.54718698],2.05,0.5592311273003503,0.043956146106932444
2.055,[0.54817464],2.055,0.5600127221672969,0.04824719948727226
2.06,[0.54916584],2.06,0.5609897157509803,0.050522678603467326
2.065,[0.55016091],2.065,0.561771310617927,0.05307124685398874
2.07,[0.55115835],2.07,0.562357506768137,0.038233058469832035
2.075,[0.55215513],2.075,0.5633345003518203,0.04401158730851101
2.08,[0.55315037],2.08,0.5639206965020302,0.050134697492103954
2.085,[0.55414501],2.085,0.564702291368977,0.054066207060122384
2.09,[0.55513987],2.09,0.5656792849526604,0.056127441417533765
2.095,[0.55613391],2.095,0.566460879819607,0.040781877580791694
2.1,[0.55712457],2.1,0.5674378734032904,0.04682505941892959
2.105,[0.55811312],2.105,0.5682194682702371,0.06991426849778637
2.11,[0.55910238],2.11,0.5690010631371838,0.05131482919661635
2.115,[0.56009134],2.115,0.5697826580041304,0.05600694295546894
2.12,[0.56107918],2.12,0.5707596515878138,0.058790659792381385
2.125,[0.56206524],2.125,0.5717366451714971,0.04282423041824564
2.13,[0.56304733],2.13,0.5725182400384438,0.05058814547783515
2.1350000000000002,[0.56402538],2.1350000000000002,0.5732998349053905,0.056480644878769366
2.14,[0.56500289],2.14,0.5746676259225473,0.07611507161965987
2.145,[0.5659829],2.145,0.5754492207894939,0.05638355618028736
2.15,[0.56696453],2.15,0.5768170118066506,0.05782398702460367
2.1550000000000002,[0.56794884],2.1550000000000002,0.5779894041070706,0.07789798379779167
2.16,[0.56893857],2.16,0.5791617964074907,0.05549882578243044
2.165,[0.5699307],2.165,0.580138789991174,0.03977667753907887
2.17,[0.57092269],2.17,0.5815065810083306,0.06451408759888556
2.1750000000000003,[0.57191607],2.1750000000000003,0.5826789733087506,0.045321709333713774
2.18,[0.57291219],2.18,0.583655966892434,0.07011092740494258
2.185,[0.57391229],2.185,0.5846329604761173,0.050377497241300716
2.19,[0.57491561],2.19,0.586000751493274,0.05351903187160786
2.195,[0.57591974],2.195,0.5871731437936941,0.03707089061901035
2.2,[0.57692267],2.2,0.5881501373773773,0.045678030961990856
2.205,[0.57792464],2.205,0.5891271309610607,0.05218565012000581
2.21,[0.57892782],2.21,0.5904949219782174,0.05489917935266854
2.215,[0.57993411],2.215,0.5914719155619009,0.058453543238828266
2.22,[0.58094517],2.22,0.5924489091455841,0.061205687802894905
2.225,[0.58196049],2.225,0.5934259027292675,0.043578319095583275
2.23,[0.58297775],2.23,0.5945982950296876,0.049944041166928195
2.235,[0.58399693],2.235,0.5957706873301075,0.054579214859289106
2.24,[0.58501995],2.24,0.5969430796305276,0.05777071843833783
2.245,[0.58604845],2.245,0.5981154719309476,0.05986330662686421
2.25,[0.58708378],2.25,0.5990924655146309,0.062223544277520214
2.255,[0.58812507],2.255,0.600264857815051,0.042800755926793214
2.2600000000000002,[0.58916961],2.2600000000000002,0.6012418513987344,0.05010418717670156
2.265,[0.59021507],2.265,0.6024142436991544,0.03419683901949118
2.27,[0.59125949],2.27,0.603195838566101,0.04512915021902855
2.275,[0.59230319],2.275,0.6045636295832577,0.05048643754991523
2.2800000000000002,[0.59335042],2.2800000000000002,0.6063222180338877,0.07185437353289474
2.285,[0.59440865],2.285,0.6078854077677811,0.08647790518052713
2.29,[0.59548018],2.29,0.6086670026347278,0.08805796086826478
2.295,[0.59656084],2.295,0.6104255910853578,0.09619080671859921
2.3000000000000003,[0.59765288],2.3000000000000003,0.6114025846690411,0.10452522749359455
2.305,[0.59876001],2.305,0.6129657744029345,0.06980432147480256
2.31,[0.59987927],2.31,0.6143335654200912,0.0641406377180785
2.315,[0.60100798],2.315,0.6155059577205113,0.06096744762473945
2.32,[0.60214569],2.32,0.6170691474544047,0.05659107440868574
2.325,[0.60328993],2.325,0.6180461410380881,0.03567895429315384
2.33,[0.60443656],2.33,0.6194139320552446,0.03909932674203181
2.335,[0.605584],2.335,0.6205863243556646,0.04231405656757938
2.34,[0.60673091],2.34,0.621563317939348,0.025377414150110404
2.345,[0.60787615],2.345,0.6229311089565047,0.05186783172367761
2.35,[0.60902277],2.35,0.6244942986903982,0.049669315024373425
2.355,[0.61017334],2.355,0.6258620897075547,0.04843686996379844
2.36,[0.61132614],2.36,0.6270344820079748,0.02799207413328664
2.365,[0.61247578],2.365,0.6280114755916582,0.014254733981200926
2.37,[0.61361977],2.37,0.6295746653255516,0.043618771887777005
2.375,[0.61476014],2.375,0.6305516589092349,0.025693843124963145
2.38,[0.61589876],2.38,0.632310247359865,0.05107388259584175
2.3850000000000002,[0.61703739],2.3850000000000002,0.6332872409435483,0.03087044968202632
2.39,[0.61817762],2.39,0.6346550319607048,0.05698133648135064
2.395,[0.61932095],2.395,0.6356320255443884,0.03548162992839
2.4,[0.62046871],2.4,0.636999816561545,0.06099389940471208
2.4050000000000002,[0.62162],2.4050000000000002,0.6379768101452282,0.06230229703815633
2.41,[0.62277203],2.41,0.6393446011623851,0.08030725414775346
2.415,[0.62392676],2.415,0.640516993462805,0.07348554433364149
2.42,[0.62508591],2.42,0.641689385763225,0.04721469501225515
2.4250000000000003,[0.62624889],2.4250000000000003,0.6428617780636451,0.07181569070109024
2.43,[0.62741959],2.43,0.6442295690808018,0.06742047242451342
2.435,[0.62859912],2.435,0.6454019613812219,0.04302905010872829
2.44,[0.62978404],2.44,0.6469651511151151,0.04598046740320135
2.445,[0.63097368],2.445,0.6483329421322718,0.049009922131076904
2.45,[0.63216974],2.45,0.6497007331494286,0.05108675775535941
2.455,[0.63337142],2.455,0.650677726733112,0.03165393084999629
2.46,[0.63457812],2.46,0.652436315183742,0.060392670743642844
2.465,[0.63579625],2.465,0.6538041062008986,0.08196802792141625
2.47,[0.63703123],2.47,0.6549764985013187,0.05362175448181029
2.475,[0.63828068],2.475,0.656539688235212,0.054389809851941556
2.48,[0.63954256],2.48,0.6575166818188953,0.05796444685329505
2.485,[0.64081507],2.485,0.6586890741193153,0.03668305677101913
2.49,[0.64209432],2.49,0.6596660677029987,0.046728195241936554
2.495,[0.64338182],2.495,0.6616200548703655,0.07358105885089038
2.5,[0.6446837],2.5,0.6631832446042588,0.07052575922938724
2.505,[0.6460052],2.505,0.6647464343381523,0.09135999139385557
2.5100000000000002,[0.64734826],2.5100000000000002,0.6659188266385723,0.06177913516268233
2.515,[0.648712],2.515,0.6674820163724656,0.08668436842233608
2.52,[0.65009555],2.52,0.6686544086728856,0.05862238247918195
2.525,[0.65149301],2.525,0.6698268009733056,0.03815843102985506
2.5300000000000002,[0.65290188],2.5300000000000002,0.6717807881406723,0.09459856201921543
2.535,[0.65432763],2.535,0.6729531804410924,0.06543262704256755
2.54,[0.65576965],2.54,0.6739301740247756,0.07003614106793771
2.545,[0.65721963],2.545,0.6751025663251957,0.07145111744780586
2.5500000000000003,[0.65867305],2.5500000000000003,0.6772519522092991,0.1170601030529429
2.555,[0.66013386],2.555,0.6784243445097191,0.08306623396963181
2.56,[0.66160534],2.56,0.6801829329603492,0.10314975823138145
2.565,[0.66308755],2.565,0.681355325260769,0.07229852718272191
2.57,[0.66457782],2.57,0.6827231162779259,0.0737241195246173
2.575,[0.66607377],2.575,0.6844817047285559,0.07309674355625606
2.58,[0.66757591],2.58,0.6858494957457124,0.07417748375836407
2.585,[0.66908715],2.585,0.6881942803465526,0.09418911687950252
2.59,[0.6706098],2.59,0.6893666726469726,0.06457882424262214
2.595,[0.67214306],2.595,0.6913206598143393,0.08856433243984739
2.6,[0.67368866],2.6,0.6934700456984426,0.07988878647991267
2.605,[0.67524787],2.605,0.6952286341490728,0.07464407428924341
2.61,[0.67681898],2.61,0.6967918238829661,0.07164906059507391
2.615,[0.67839781],2.615,0.6979642161833861,0.046487227256513455
2.62,[0.67998075],2.62,0.7001136020674896,0.07440270715183883
2.625,[0.68156989],2.625,0.7016767918013829,0.07137018223678182
2.63,[0.68316688],2.63,0.7032399815352761,0.06917664051836504
2.6350000000000002,[0.68477046],2.6350000000000002,0.7049985699859063,0.06689870574634482
2.64,[0.6863795],2.64,0.7063663610030629,0.06716413747612912
2.645,[0.68799043],2.645,0.7077341520202196,0.04264590940379148
2.65,[0.68959768],2.65,0.7092973417541131,0.050032505570332515
2.6550000000000002,[0.69119921],2.6550000000000002,0.711055930204743,0.054644604984945555
2.66,[0.69279868],2.66,0.7130099173721096,0.08161865894652516
2.665,[0.6943993],2.665,0.7141823096725297,0.0545650288801352
2.67,[0.69599862],2.67,0.7155501006896864,0.0601704144327151
2.6750000000000003,[0.69759202],2.6750000000000003,0.7167224929901064,0.03970465525135171
2.68,[0.69917576],2.68,0.7180902840072632,0.051238095900927205
2.685,[0.70074956],2.685,0.7196534737411566,0.05913159130893289
2.69,[0.70231611],2.69,0.7214120621917866,0.06395620478569135
2.695,[0.70387792],2.695,0.7229752519256799,0.0683220216430555
2.7,[0.7054401],2.7,0.7243430429428366,0.09826408083985332
2.705,[0.70700994],2.705,0.7262970301102033,0.09215176525987567
2.71,[0.7085881],2.71,0.72766482112736,0.06393147584078729
2.715,[0.71016965],2.715,0.7292280108612532,0.06990208477979458
2.72,[0.71175612],2.72,0.7313773967453567,0.09782764095995926
2.725,[0.71335456],2.725,0.7331359851959867,0.09324267955601641
2.73,[0.71496524],2.73,0.7346991749298801,0.06384285986226651
2.735,[0.71658263],2.735,0.7360669659470368,0.07113940004089328
2.74,[0.71820201],2.74,0.7376301556809302,0.04801963369578023
2.745,[0.71982235],2.745,0.7397795415650336,0.08446481845938901
2.75,[0.72144865],2.75,0.7415381300156635,0.08424842049381734
2.755,[0.7230851],2.755,0.743101319749557,0.08472174769522985
2.7600000000000002,[0.72473228],2.7600000000000002,0.744859908200187,0.08425889915538935
2.765,[0.72639341],2.765,0.7468138953675537,0.10853311555648287
2.77,[0.72807106],2.77,0.7481816863847104,0.07656839373254047
2.775,[0.72976132],2.775,0.7497448761186037,0.07901983158305839
2.7800000000000002,[0.7314578],2.7800000000000002,0.7515034645692338,0.05271080259494661
2.785,[0.73315495],2.785,0.753066654303127,0.06222376467477732
2.79,[0.73485091],2.79,0.7546298440370205,0.06901617067130296
2.795,[0.73654692],2.795,0.7563884324876504,0.07273571093725623
2.8000000000000003,[0.73824106],2.8000000000000003,0.7577562235048073,0.04946957999018024
2.805,[0.73993163],2.805,0.7595148119554372,0.0854972913476452
2.81,[0.74162283],2.81,0.7612734004060673,0.08394158808200186
2.815,[0.74331528],2.815,0.7628365901399606,0.05665090869698876
2.82,[0.74500376],2.82,0.764399779873854,0.06412737017340693
2.825,[0.74668937],2.825,0.766744564474694,0.0912616411030445
2.83,[0.74837858],2.83,0.7686985516420607,0.0854292937853963
2.835,[0.75007391],2.835,0.7704571400926907,0.08132005369399427
2.84,[0.75177454],2.84,0.7722157285433208,0.07825721863173499
2.845,[0.75347964],2.845,0.7737789182772141,0.07689043901692603
2.85,[0.75518841],2.85,0.7755375067278442,0.07510270089106652
2.855,[0.75690008],2.855,0.7771006964617375,0.07480851361414308
2.86,[0.75861398],2.86,0.7786638861956309,0.07491063215448203
2.865,[0.76032679],2.865,0.7802270759295242,0.048998240530264636
2.87,[0.76203579],2.87,0.7823764618136277,0.08056373687915133
2.875,[0.76374431],2.875,0.7843304489809945,0.07765867076209233
2.88,[0.76545252],2.88,0.785698239998151,0.05163092811028601
2.8850000000000002,[0.76715228],2.8850000000000002,0.7870660310153078,0.03288094180965371
2.89,[0.76883689],2.89,0.788629220749201,0.04724705530432608
2.895,[0.77050661],2.895,0.7903878091998312,0.05688803949269734
2.9,[0.7721648],2.9,0.7921463976504612,0.06381244309088996
2.9050000000000002,[0.77381462],2.9050000000000002,0.7931233912341445,0.07274073107862063
2.91,[0.77546199],2.91,0.7950773784015112,0.10218056607822382
2.915,[0.77711506],2.915,0.7970313655688779,0.09685672954916015
2.92,[0.77877505],2.92,0.7983991565860346,0.0685475914072281
2.9250000000000003,[0.78043718],2.9250000000000003,0.8001577450366647,0.07469429684166846
2.93,[0.78210356],2.93,0.802307130920768,0.10474052005581784
2.935,[0.78377911],2.935,0.8038703206546614,0.07420185647987805
2.94,[0.78546199],2.94,0.8056289091052914,0.07952791620487763
2.945,[0.78715081],2.945,0.8073874975559214,0.08368449534139309
2.95,[0.78884754],2.95,0.8093414847232882,0.08607379118640099
2.955,[0.79055398],2.955,0.8107092757404448,0.09079042326483157
2.96,[0.79226855],2.96,0.8120770667576015,0.065794208627834
2.965,[0.79399003],2.965,0.8140310539249681,0.10436841347312312
2.97,[0.79572064],2.97,0.8155942436588616,0.0758603554902175
2.975,[0.79745909],2.975,0.8173528321094915,0.08417691723604322
2.98,[0.79920436],2.98,0.8187206231266484,0.0925858636641208
2.985,[0.80095891],2.985,0.820674610294015,0.09629735253429207
2.99,[0.80272155],2.99,0.8216516038776983,0.07361573545026004
2.995,[0.80449131],2.995,0.8238009897618018,0.11281731474838803
3.0,[0.80627065],3.0,0.8259503756459051,0.0812540440570831
3.005,[0.80806167],3.005,0.8279043628132718,0.11792760105216069
3.0100000000000002,[0.80986605],3.0100000000000002,0.8294675525471652,0.08783241048035217
3.015,[0.81168176],3.015,0.8310307422810586,0.09591192751195833
3.02,[0.81350694],3.02,0.8325939320149518,0.10216241472336893
3.025,[0.81534324],3.025,0.8345479191823186,0.10483386980158635
3.0300000000000002,[0.81719188],3.0300000000000002,0.8365019063496852,0.106509841669683
3.035,[0.8190537],3.035,0.8380650960835787,0.10916421456396114
3.04,[0.82092583],3.04,0.8404098806844187,0.07781398276452932
3.045,[0.82280561],3.045,0.8423638678517854,0.11535718274609294
3.0500000000000003,[0.82469725],3.0500000000000003,0.8447086524526255,0.11067398983619008
3.055,[0.82660399],3.055,0.8470534370534655,0.10625080534225186
3.06,[0.82852171],3.06,0.8488120255040955,0.07623612880542434
3.065,[0.83044341],3.065,0.8507660126714622,0.08298262899974192
3.0700000000000003,[0.83236623],3.0700000000000003,0.8523292024053557,0.0894519437103048
3.075,[0.83429084],3.075,0.8542831895727223,0.09205005552344617
3.08,[0.83621762],3.08,0.8564325754568256,0.09245045078634494
3.085,[0.83814352],3.085,0.857995765190719,0.06593501442845073
3.09,[0.84006269],3.09,0.8595589549246124,0.07652353526216826
3.095,[0.84197327],3.095,0.8617083408087157,0.08127029839884786
3.1,[0.84387986],3.1,0.8636623279760824,0.11159100114490758
3.105,[0.84578311],3.105,0.8654209164267126,0.11259734918947109
3.11,[0.8476773],3.11,0.8679610997442891,0.12820685084727088
3.115,[0.84956658],3.115,0.8701104856283925,0.1384837905893756
3.12,[0.85146034],3.12,0.8724552702292327,0.1206208159857476
3.125,[0.85336012],3.125,0.8751908522635461,0.10404401272173562
3.13,[0.85526099],3.13,0.8769494407141761,0.06919885794326316
3.1350000000000002,[0.85715855],3.1350000000000002,0.879294225315016,0.09284525969915963
3.14,[0.85905471],3.14,0.8812482124823828,0.08483213389061824
3.145,[0.86094805],3.145,0.8828114022162762,0.05422344602801418
3.15,[0.86282868],3.15,0.8845699906669061,0.030414502831625882
3.1550000000000002,[0.86469107],3.1550000000000002,0.8871101739844829,0.06353333991434293
3.16,[0.86653906],3.16,0.8896503573020595,0.05874799965030903
3.165,[0.8683759],3.165,0.8917997431861631,0.0555541273810773
3.17,[0.87019875],3.17,0.8937537303535298,0.02736823646904418
3.1750000000000003,[0.87200257],3.1750000000000003,0.8959031162376331,0.032262172374570554
3.18,[0.87378591],3.18,0.8980525021217365,0.034852937938895934
3.185,[0.87555042],3.185,0.8998110905723665,0.03774861679124771
3.19,[0.87729757],3.19,0.9019604764564698,0.03750525712482352
3.1950000000000003,[0.87902871],3.1950000000000003,0.9039144636238364,0.0374936494734571
3.2,[0.88074505],3.2,0.9056730520744666,0.03785759734733715
3.205,[0.88244509],3.205,0.9068454443748867,0.015208322986074689
3.21,[0.88412504],3.21,0.9086040328255167,0.02244332210487021
3.215,[0.88578447],3.215,0.9103626212761465,0.027281441306047045
3.22,[0.88742584],3.22,0.9121212097267768,0.030335458201652378
3.225,[0.88905134],3.225,0.9136843994606699,0.03306597499818522
3.23,[0.89066298],3.23,0.9150521904778267,0.03610403739079833
3.235,[0.89226256],3.235,0.9166153802117202,0.037397250889375656
3.24,[0.8938517],3.24,0.9183739686623502,0.03754706401344693
3.245,[0.89543184],3.245,0.9199371583962435,0.038203700468410984
3.25,[0.89700427],3.25,0.9213049494134001,0.03970979272229543
3.255,[0.89857012],3.255,0.9228681391472936,0.039939335621790084
3.2600000000000002,[0.90012783],3.2600000000000002,0.9240405314477135,0.017242140088833992
3.265,[0.90167358],3.265,0.9252129237481336,0.02600929639031038
3.27,[0.90320671],3.27,0.926776113482027,0.03080925303290351
3.275,[0.90472923],3.275,0.9279485057824469,0.0357333692823034
3.2800000000000002,[0.90624287],3.2800000000000002,0.9295116955163404,0.03757078776218526
3.285,[0.90774905],3.285,0.9306840878167605,0.04034299480563602
3.29,[0.90924895],3.29,0.9318564801171804,0.04260341395552849
3.295,[0.9107411],3.295,0.9328334737008638,0.021569941389893533
3.3000000000000003,[0.91222185],3.3000000000000003,0.9340058660012838,0.03019785250364098
3.305,[0.91369295],3.305,0.9355690557351771,0.0579064386338522
3.31,[0.91515833],3.31,0.9363506506021237,0.03468250524341055
3.315,[0.91661657],3.315,0.9373276441858072,0.04141054263039047
3.3200000000000003,[0.91806413],3.3200000000000003,0.9385000364862272,0.02214267937836794
3.325,[0.91950053],3.325,0.9400632262201205,0.05428036356013074
3.33,[0.92093026],3.33,0.9412356185205405,0.05552604306052026
3.335,[0.92235723],3.335,0.9424080108209606,0.05670165378191536
3.34,[0.92378492],3.34,0.943971200554854,0.07919652828291891
3.345,[0.92521874],3.345,0.9455343902887473,0.07274233899692742
3.35,[0.92666584],3.35,0.9470975800226407,0.11227520545518223
3.355,[0.92813479],3.355,0.9482699723230607,0.09939556261576989
3.36,[0.92962284],3.36,0.9490515671900073,0.10295662317883332
3.365,[0.93112024],3.365,0.9502239594904275,0.11654763026872318
3.37,[0.93262619],3.37,0.9517871492243207,0.10338399422127349
3.375,[0.93414257],3.375,0.9529595415247408,0.09580389128075686
3.38,[0.93566595],3.38,0.9543273325418974,0.06602388867220421
3.3850000000000002,[0.93719093],3.3850000000000002,0.9554997248423175,0.07056567412946153
3.39,[0.93872087],3.39,0.9576491107264208,0.11749956605457575
3.395,[0.9402639],3.395,0.9586261043101042,0.08494224129362393
3.4,[0.94181907],3.4,0.9603846927607341,0.08238600135581998
3.4050000000000002,[0.94338296],3.4050000000000002,0.9615570850611541,0.08387459221809854
3.41,[0.94495807],3.41,0.9633156735117843,0.10756858402067938
3.415,[0.94654648],3.415,0.9644880658122044,0.07748858809837691
3.42,[0.94814447],3.42,0.9656604581126244,0.08194304902073049
3.4250000000000003,[0.9497489],3.4250000000000003,0.9670282491297811,0.08518743362556305
3.43,[0.9513571],3.43,0.9682006414302011,0.0625798591092388
3.435,[0.9529641],3.435,0.9691776350138844,0.07504964978593248
3.44,[0.95456861],3.44,0.9707408247477777,0.08227773672039089
3.4450000000000003,[0.95617239],3.4450000000000003,0.9719132170481978,0.08940208697868612
3.45,[0.95777429],3.45,0.9732810080653544,0.06720256924418021
3.455,[0.95937063],3.455,0.9746487990825112,0.07933363145593028
3.46,[0.96095848],3.46,0.9756257926661944,0.06261009600833248
3.465,[0.96253843],3.465,0.9771889824000878,0.10426741757763011
3.47,[0.96411691],3.47,0.9787521721339812,0.10683995000900888
3.475,[0.96569665],3.475,0.980119963151138,0.08206835980153057
3.48,[0.96727436],3.48,0.9814877541682946,0.09296057644758302
3.485,[0.9688504],3.485,0.9830509439021881,0.1006710440457723
3.49,[0.97042818],3.49,0.9842233362026079,0.10851218108579298
3.495,[0.97201085],3.495,0.9853957285030279,0.11517873634600292
3.5,[0.97359817],3.5,0.9869589182369213,0.09042075177382876
3.505,[0.97518706],3.505,0.9885221079708147,0.10205127870584439
3.5100000000000002,[0.97677819],3.5100000000000002,0.9898898989879715,0.11196580938588613
3.515,[0.97837221],3.515,0.9912576900051281,0.09019354012214464
3.52,[0.97996677],3.52,0.9930162784557581,0.10324323915499926
3.525,[0.98156321],3.525,0.9941886707561782,0.11565185770395599
3.5300000000000002,[0.98316605],3.5300000000000002,0.9959472592068082,0.1227286213428487
3.535,[0.98477605],3.535,0.9971196515072283,0.10044512818986488
3.54,[0.98639404],3.54,0.9988782399578583,0.14290749635505134
3.545,[0.98802742],3.545,1.000246030975015,0.14564248053801676
3.5500000000000003,[0.98967917],3.5500000000000003,1.002004619425645,0.11640235624025792
3.555,[0.99134515],3.555,1.003763207876275,0.1260323123366326
3.56,[0.99302524],3.56,1.005521796326905,0.13332979188563088
3.565,[0.99472275],3.565,1.0072803847775351,0.13887775772293198
3.5700000000000003,[0.99643702],3.5700000000000003,1.008648175794692,0.1138138195246674
3.575,[0.99816397],3.575,1.0107975616787952,0.12431660009304074
3.58,[0.99990362],3.58,1.0125561501294251,0.13339106875510315
3.585,[1.00165945],3.585,1.014510137296792,0.1388253793884723
3.59,[1.0034308],3.59,1.0164641244641586,0.11101986242646948
3.595,[1.00521354],3.595,1.0184181116315254,0.12315116133461702
3.6,[1.0070041],3.6,1.0201767000821553,0.10005063677868695
3.605,[1.00880301],3.605,1.0225214846829955,0.14524984980546693
3.61,[1.01061789],3.61,1.0246708705670988,0.14580551402394742
3.615,[1.01245508],3.615,1.0266248577344654,0.14666263096786833
3.62,[1.0143162],3.62,1.029165041052042,0.14441127680744992
3.625,[1.01620606],3.625,1.0319006230863554,0.16902908294054841
3.63,[1.01812843],3.63,1.034050008970459,0.13184066739174544
3.6350000000000002,[1.02007892],3.6350000000000002,1.0361993948545623,0.13365573684926904
3.64,[1.02205717],3.64,1.038739578172139,0.16175911799349768
3.645,[1.02406995],3.645,1.0412797614897158,0.15280996506840197
3.65,[1.02611527],3.65,1.043429147373819,0.11754579859716603
3.6550000000000002,[1.02818002],3.6550000000000002,1.0453831345411857,0.09106817457567673
3.66,[1.03025664],3.66,1.048314115292236,0.13208061693871345
3.665,[1.03234968],3.665,1.0508542986098126,0.13015862898890923
3.67,[1.03445912],3.67,1.0524174883437059,0.1014715912684861
3.6750000000000003,[1.03658104],3.6750000000000003,1.0551530703780192,0.1381345123230604
3.68,[1.03871574],3.68,1.057107057545386,0.10609811817740789
3.685,[1.04085959],3.685,1.059451842146226,0.11233880446301969
3.69,[1.04300942],3.69,1.0616012280303293,0.11752917940188834
3.6950000000000003,[1.04516622],3.6950000000000003,1.0643368100646429,0.11830747931276527
3.7,[1.047327],3.7,1.0662907972320095,0.0898026254398638
3.705,[1.04948923],3.705,1.0694171766997962,0.12738622233675279
3.71,[1.05165825],3.71,1.0723481574508462,0.12263595161354118
3.715,[1.05383848],3.715,1.074888340768423,0.12001075784944051
3.72,[1.05602614],3.72,1.0768423279357897,0.08940346894613241
3.725,[1.05821796],3.725,1.0803595048370498,0.12233739171705262
3.73,[1.0604187],3.73,1.0827042894378898,0.11936743587191963
3.735,[1.06263232],3.735,1.084853675321993,0.11785462290042686
3.74,[1.06485459],3.74,1.0866122637726232,0.08786714515211141
3.745,[1.06707428],3.745,1.0889570483734634,0.062307366357075816
3.75,[1.06928579],3.75,1.0916926304077768,0.1087190588950175
3.755,[1.07149215],3.755,1.09442821244209,0.07620921096080481
3.7600000000000002,[1.07369603],3.7600000000000002,1.0975545919098768,0.11361801293262486
3.765,[1.0759037],3.765,1.1004855726609268,0.10888634804521626
3.77,[1.07812047],3.77,1.1024395598282934,0.10931930226554162
3.775,[1.08034697],3.775,1.1047843444291336,0.10828568759145467
3.7800000000000002,[1.08258367],3.7800000000000002,1.1073245277467103,0.10660121772345672
3.785,[1.08483093],3.785,1.1094739136308136,0.10723310694933894
3.79,[1.08708898],3.79,1.1120140969483903,0.10601866264243444
3.795,[1.08935404],3.795,1.113968084115757,0.07613456081262436
3.8000000000000003,[1.09162288],3.8000000000000003,1.1170944635835438,0.11240316050277176
3.805,[1.09390053],3.805,1.1194392481843838,0.1100773259873047
3.81,[1.09619113],3.81,1.1223702289354338,0.10519651086556583
3.815,[1.09849028],3.815,1.1239334186693273,0.07619224802472971
3.8200000000000003,[1.10079019],3.8200000000000003,1.1264736019869042,0.08352098730386183
3.825,[1.10309203],3.825,1.128818386587744,0.11868928053586182
3.83,[1.10540444],3.83,1.1313585699053208,0.11315641226689382
3.835,[1.10773065],3.835,1.1333125570726872,0.11134549636197796
3.84,[1.11006155],3.84,1.1352665442400542,0.11323121148510502
3.845,[1.1123816],3.845,1.1372205314074209,0.1121406516426824
3.85,[1.11468159],3.85,1.1389791198580508,0.08175435341727087
3.855,[1.1169578],3.855,1.1409331070254176,0.09087860560291176
3.86,[1.11921494],3.86,1.1432778916262578,0.1250322909570677
3.865,[1.12145717],3.865,1.1450364800768875,0.1278438801818954
3.87,[1.12367674],3.87,1.1467950685275177,0.12479275919404556
3.875,[1.12587485],3.875,1.1499214479953044,0.14243400770658024
3.88,[1.12806406],3.88,1.152070833879408,0.1325255836752038
3.8850000000000002,[1.13024747],3.8850000000000002,1.1538294223300378,0.09786268561373056
3.89,[1.13242021],3.89,1.1565650043643512,0.09756036359786571
3.895,[1.13458198],3.895,1.158909788965191,0.09849315053439234
3.9,[1.13673635],3.9,1.1610591748492947,0.09962879917296678
3.9050000000000002,[1.13889011],3.9050000000000002,1.1635993581668713,0.1263665561719069
3.91,[1.14105265],3.91,1.1659441427677113,0.11806987942493961
3.915,[1.14322434],3.915,1.168484326085288,0.08095281238488523
3.92,[1.14539788],3.92,1.170829110686128,0.08455555061073963
3.9250000000000003,[1.14757452],3.9250000000000003,1.1735646927204413,0.11386767341558149
3.93,[1.14975894],3.93,1.1755186798878081,0.07969577475229525
3.935,[1.15194759],3.935,1.1778634644886483,0.08302093894643785
3.94,[1.15413739],3.94,1.180403647806225,0.084441179122201
3.9450000000000003,[1.15632944],3.9450000000000003,1.1829438311238019,0.08495460195689383
3.95,[1.15852464],3.95,1.1854840144413783,0.08496151028668233
3.955,[1.16072374],3.955,1.1874380016087451,0.08748884989378641
3.96,[1.16292738],3.96,1.1897827862095849,0.08776810851517546
3.9650000000000003,[1.1651361],3.9650000000000003,1.191736773376952,0.08996767988879231
3.97,[1.1673466],3.97,1.1932999631108452,0.06245210220347737
3.975,[1.16955237],3.975,1.195253950278212,0.07397222073332377
3.98,[1.17175553],3.98,1.1977941335957885,0.10962264794405104
3.985,[1.17396171],3.985,1.1997481207631555,0.07744792988285357
3.99,[1.17616817],3.99,1.2018975066472588,0.08411935048354498
3.995,[1.17837268],3.995,1.2040468925313619,0.0893028522712924
4.0,[1.18057716],4.0,1.2058054809819923,0.09513060817072827
4.005,[1.18277951],4.005,1.2075640694326222,0.067939914985608
4.01,[1.18497806],4.01,1.209908854033462,0.10977450118965326
4.015,[1.18717909],4.015,1.211667442484092,0.11143999903298889
4.0200000000000005,[1.18938415],4.0200000000000005,1.213621429651459,0.08072032495634984
4.025,[1.19158691],4.025,1.2153800181020888,0.09205704102585147
4.03,[1.19378213],4.03,1.217138606552719,0.06790659871944198
4.035,[1.19596551],4.035,1.2190925937200856,0.08410051075295481
4.04,[1.19814134],4.04,1.221241979604189,0.12560413154757769
4.045,[1.20032118],4.045,1.2231959667715557,0.1252396334300324
4.05,[1.20251102],4.05,1.2253453526556592,0.12447967534674999
4.055,[1.20470816],4.055,1.227103941106289,0.09470390811069093
4.0600000000000005,[1.20690641],4.0600000000000005,1.2288625295569193,0.10607435775762078
4.065,[1.20910059],4.065,1.2304257192908123,0.08275256492797302
4.07,[1.21128643],4.07,1.2321843077414425,0.10020312963532507
4.075,[1.21346446],4.075,1.2339428961920726,0.11318996694763511
4.08,[1.21563526],4.08,1.235506085925966,0.090189875715324
4.085,[1.21779955],4.085,1.2382416679602795,0.13541505012549962
4.09,[1.21997001],4.09,1.240781851277856,0.16279250934342154
4.095,[1.22216133],4.095,1.2435174333121695,0.1532568216363262
4.1,[1.22437776],4.1,1.245666819196273,0.14815689130630355
4.105,[1.22661862],4.105,1.247816205080376,0.14506649483139963
4.11,[1.22887906],4.11,1.2495747935310062,0.11395854576959358
4.115,[1.23115473],4.115,1.2519195781318462,0.1507682688763771
4.12,[1.23344972],4.12,1.2536781665824763,0.15004408961729107
4.125,[1.23576325],4.125,1.2554367550331063,0.11907841923111225
4.13,[1.23808646],4.13,1.2575861409172095,0.1271556033656164
4.135,[1.24041569],4.135,1.2595401280845764,0.13411214104298566
4.14,[1.24275183],4.14,1.2616895139686797,0.1385047026005882
4.1450000000000005,[1.24509551],4.1450000000000005,1.263838899852783,0.14177697618030596
4.15,[1.24745124],4.15,1.2667698806038332,0.16871656480508693
4.155,[1.24982669],4.155,1.2693100639214097,0.16140896471333144
4.16,[1.25222412],4.16,1.2712640510887767,0.15855062489345398
4.165,[1.25463714],4.165,1.2732180382561433,0.1265306494733329
4.17,[1.25706015],4.17,1.2759536202904564,0.1610472170054078
4.175,[1.25949632],4.175,1.27810300617456,0.15869729341992397
4.18,[1.26194814],4.18,1.27986159462519,0.15841780923990584
4.1850000000000005,[1.26441334],4.1850000000000005,1.281815581792557,0.15852102961556075
4.19,[1.2668858],4.19,1.284160366393397,0.12598770078243338
4.195,[1.26935227],4.195,1.2861143535607635,0.10233938116374174
4.2,[1.2718055],4.2,1.2888499355950767,0.1490885176405384
4.205,[1.27425523],4.205,1.291780916346127,0.17531349429490475
4.21,[1.27670963],4.21,1.2941257009469669,0.13920561084213467
4.215,[1.27916355],4.215,1.296079688114334,0.143762869902333
4.22,[1.28161251],4.22,1.2986198714319104,0.14473537736800154
4.225,[1.28406037],4.225,1.3009646560327504,0.17373132920265735
4.23,[1.28650643],4.23,1.302918643200117,0.17644488991987237
4.235,[1.28893849],4.235,1.3052634278009572,0.16906734346049168
4.24,[1.29135394],4.24,1.3076082124017971,0.1889501500716849
4.245,[1.29376597],4.245,1.3103437944361107,0.19929649555811377
4.25,[1.29618187],4.25,1.312493180320214,0.16114140656206308
4.255,[1.29860011],4.255,1.315619559788001,0.17956082875626972
4.26,[1.30101933],4.26,1.3177689456721042,0.1430009513008577
4.265,[1.30343846],4.265,1.3206999264231545,0.16889660244620275
4.2700000000000005,[1.3058605],4.2700000000000005,1.3234355084574676,0.16020777985195578
4.275,[1.30829192],4.275,1.3269526853587275,0.17582193107978736
4.28,[1.31073444],4.28,1.3289066725260943,0.14028821833088087
4.285,[1.31318183],4.285,1.3312514571269343,0.14113564002209078
4.29,[1.31562898],4.29,1.333205444294301,0.14441528385018038
4.295,[1.31807568],4.295,1.3357456276118778,0.14511144242023877
4.3,[1.320518],4.3,1.337504216062508,0.11740648627169041
4.305,[1.32295296],4.305,1.340435196813558,0.15739492858693696
4.3100000000000005,[1.32538235],4.3100000000000005,1.3425845826976612,0.12631784996681653
4.315,[1.32780392],4.315,1.3447339685817647,0.13679277974148765
4.32,[1.33021616],4.32,1.3466879557491311,0.14622996679217617
4.325,[1.33262642],4.325,1.3496189365001814,0.17847218540022403
4.33,[1.33503703],4.33,1.3513775249508115,0.18220329382633563
4.335,[1.33744186],4.335,1.3541131069851247,0.20150956284177057
4.34,[1.33984447],4.34,1.3564578915859649,0.1929921484306499
4.345,[1.34225225],4.345,1.3584118787533315,0.1887035963737509
4.3500000000000005,[1.3446631],4.3500000000000005,1.3603658659206983,0.15631786778039614
4.355,[1.34707105],4.355,1.362319853088065,0.16413789411460755
4.36,[1.34947113],4.36,1.3640784415386948,0.1378578267030091
4.365,[1.35185928],4.365,1.3656416312725883,0.15544257800061925
4.37,[1.35423657],4.37,1.3679864158734283,0.16494333191256816
4.375,[1.35660404],4.375,1.3695496056073215,0.14073437166731237
4.38,[1.35896265],4.38,1.371894390208162,0.18804372416385165
4.385,[1.36131758],4.385,1.3736529786587917,0.1591834321681598
4.39,[1.36366886],4.39,1.3758023645428952,0.1697482461779114
4.3950000000000005,[1.36602059],4.3950000000000005,1.3785379465772085,0.20331448753758435
4.4,[1.36838449],4.4,1.3814689273282585,0.19581969373167327
4.405,[1.37076164],4.405,1.3836183132123618,0.16232754571608551
4.41,[1.37314413],4.41,1.3857676990964651,0.16915621150797877
4.415,[1.37553314],4.415,1.3885032811307787,0.1992645787809434
4.42,[1.37793339],4.42,1.3908480657316187,0.16385801484023219
4.425,[1.3803442],4.425,1.3933882490491956,0.19435690232923325
4.43,[1.38276445],4.43,1.3953422362165622,0.16068234971888207
4.4350000000000005,[1.3851926],4.4350000000000005,1.3976870208174021,0.19194287660668108
4.44,[1.3876268],4.44,1.3996410079847688,0.1582415373243759
4.445,[1.39006122],4.445,1.4017903938688723,0.16192662131725405
4.45,[1.39249047],4.45,1.4041351784697123,0.16314464319634733
4.455,[1.39491336],4.455,1.4064799630705522,0.16332279109820583
4.46,[1.39732849],4.46,1.4088247476713924,0.16245019265600943
4.465,[1.39973431],4.465,1.410778734838759,0.16281831165302227
4.47,[1.40212912],4.47,1.4127327220061259,0.16293162272356157
4.4750000000000005,[1.40451118],4.4750000000000005,1.4148821078902292,0.1615802419569591
4.48,[1.40687871],4.48,1.4172268924910691,0.15922106228372093
4.485,[1.40922999],4.485,1.419180879658436,0.15844418225409848
4.49,[1.41156327],4.49,1.4207440693923294,0.15918894774566872
4.495,[1.41387372],4.495,1.4225026578429594,0.13124786446668127
4.5,[1.41615407],4.5,1.4240658475768528,0.1408922416047636
4.505,[1.41840145],4.505,1.4260198347442192,0.14580848811361283
4.51,[1.42061356],4.51,1.427583024478113,0.12219518709761312
4.515,[1.42278552],4.515,1.4291462142120062,0.13448429703331613
4.5200000000000005,[1.42491352],4.5200000000000005,1.4305140052291627,0.11572872879869929
4.525,[1.42699469],4.525,1.4320771949630564,0.130479895993538
4.53,[1.42903278],4.53,1.434031182130423,0.16560182559038772
4.535,[1.43103703],4.535,1.4355943718643163,0.16466032056064406
4.54,[1.4330096],4.54,1.4369621628814728,0.13851584118962867
4.545,[1.43494673],4.545,1.4385253526153663,0.14586979359548793
4.55,[1.43685102],4.55,1.4404793397827331,0.17420140258010286
4.555,[1.43873033],4.555,1.4422379282333628,0.16925393724829588
4.5600000000000005,[1.44058858],4.5600000000000005,1.443410320533783,0.16788881619487067
4.565,[1.44242366],4.565,1.4443873141174666,0.14326624243601296
4.57,[1.44423126],4.57,1.4459505038513598,0.14898655332517563
4.575,[1.44600793],4.575,1.44712289615178,0.12931798589237758
4.58,[1.44775098],4.58,1.4482952884522,0.14128722056072848
4.585,[1.44946103],4.585,1.4496630794693566,0.14939804939463483
4.59,[1.4511414],4.59,1.4510308704865131,0.1546984074284354
4.595,[1.45279502],4.595,1.4522032627869332,0.15931901222637385
4.6000000000000005,[1.45442451],4.6000000000000005,1.4529848576538797,0.16485112238425403
4.605,[1.45603461],4.605,1.4545480473877732,0.18878299763975775
4.61,[1.45763178],4.61,1.4557204396881933,0.1839659619468067
4.615,[1.45921657],4.615,1.456697433271877,0.1585778650303083
4.62,[1.46078696],4.62,1.45767442685556,0.1869058417883846
4.625,[1.46234596],4.625,1.4588468191559802,0.18360943612028371
4.63,[1.46389375],4.63,1.45943301530619,0.16170123295286057
4.635,[1.46542584],4.635,1.4604100088898735,0.16784777145159677
4.64,[1.46694076],4.64,1.4613870024735567,0.17266768076254121
4.6450000000000005,[1.46843965],4.6450000000000005,1.4623639960572403,0.17639124650231336
4.65,[1.46992346],4.65,1.46353638835766,0.1783871724433472
4.655,[1.47139305],4.655,1.4645133819413436,0.18084687282294348
4.66,[1.47285132],4.66,1.465490375525027,0.20386767111061557
4.665,[1.47430285],4.665,1.466662767825447,0.19839269137604518
4.67,[1.47574916],4.67,1.4674443626923934,0.19631785211708153
4.675,[1.47718927],4.675,1.4684213562760768,0.1944578641233416
4.68,[1.47862225],4.68,1.4692029511430236,0.19424579767128375
4.6850000000000005,[1.48004921],4.6850000000000005,1.4701799447267068,0.21344872632222422
4.69,[1.48147098],4.69,1.4709615395936537,0.1883920678847818
4.695,[1.482884],4.695,1.471938533177337,0.18981453296909134
4.7,[1.48428522],4.7,1.4725247293275467,0.1929833100113708
4.705,[1.48567396],4.705,1.4735017229112304,0.19347653842530227
4.71,[1.48704951],4.71,1.4744787164949138,0.1937225265334309
4.715,[1.48841117],4.715,1.4750649126451236,0.19565807360422482
4.72,[1.48975825],4.72,1.4760419062288068,0.19543862787555918
4.7250000000000005,[1.49109007],4.7250000000000005,1.4768235010957538,0.19586543920794344
4.73,[1.49240592],4.73,1.477800494679437,0.1953192854442395
4.735,[1.49370513],4.735,1.478582089546384,0.1954967581294366
4.74,[1.49498861],4.74,1.4793636844133302,0.21188397033091128
4.745,[1.49625542],4.745,1.4801452792802772,0.21447051301558717
4.75,[1.49750138],4.75,1.4809268741472237,0.22468332506690022
4.755,[1.49872616],4.755,1.4817084690141706,0.2155141653511056
4.76,[1.49993106],4.76,1.482490063881117,0.20861404415260104
4.765,[1.50111404],4.765,1.4832716587480639,0.1883066190152684
4.7700000000000005,[1.50227199],4.7700000000000005,1.483857854898274,0.19027196815198993
4.775,[1.50340381],4.775,1.4846394497652204,0.19080010310726025
4.78,[1.50450878],4.78,1.4854210446321672,0.1763113297652121
4.785,[1.505585],4.785,1.4860072407823772,0.18147720157373814
4.79,[1.50663244],4.79,1.486593436932587,0.1851089624387187
4.795,[1.50765127],4.795,1.4871796330827973,0.17383297824929983
4.8,[1.50864053],4.8,1.4877658292330072,0.17985172761284637
4.805,[1.50960212],4.805,1.4887428228166906,0.19539527864051498
4.8100000000000005,[1.51053913],4.8100000000000005,1.4893290189669006,0.18137316332764805
4.815,[1.51145298],4.815,1.4899152151171104,0.19709655240415083
4.82,[1.51234613],4.82,1.4908922087007939,0.19339005664362702
4.825,[1.51322075],4.825,1.491478404851004,0.1919465438125611
4.83,[1.51407637],4.83,1.4918692022844773,0.1798265785396189
4.835,[1.5149127],4.835,1.492650797151424,0.1933971491399356
4.84,[1.51573176],4.84,1.4930415945848974,0.19256267565538418
4.845,[1.5165353],4.845,1.4936277907351074,0.19118733953932304
4.8500000000000005,[1.51732271],4.8500000000000005,1.4942139868853175,0.17888846842563025
4.855,[1.51809247],4.855,1.4946047843187906,0.18209844753060297
4.86,[1.51884439],4.86,1.4951909804690007,0.18354171680890005
4.865,[1.51957942],4.865,1.4955817779024738,0.18534143820685284
4.87,[1.52029839],4.87,1.4959725753359474,0.1864358067231788
4.875,[1.52100107],4.875,1.4963633727694208,0.1772174702527254
4.88,[1.52168638],4.88,1.4969495689196308,0.17979108311478503
4.885,[1.52235525],4.885,1.497340366353104,0.1915179786460687
4.89,[1.52301025],4.89,1.497926562503314,0.18895817738003368
4.8950000000000005,[1.52365256],4.8950000000000005,1.498121961220051,0.18864776286067667
4.9,[1.5242823],4.9,1.498512758653524,0.187633811080619
4.905,[1.52489947],4.905,1.4987081573702605,0.1875948506694705
4.91,[1.52550406],4.91,1.4989035560869972,0.18792500624843655
4.915,[1.52609533],4.915,1.4990989548037343,0.18050805222839333
4.92,[1.52667192],4.92,1.499294353520471,0.18286143519636977
4.925,[1.52723406],4.925,1.4994897522372075,0.19204757908321118
4.93,[1.52778327],4.93,1.4996851509539442,0.19108714362731363
4.9350000000000005,[1.52831954],4.9350000000000005,1.4996851509539442,0.184827803253412
4.94,[1.52884156],4.94,1.4996851509539442,0.1874493375318321
4.945,[1.52934945],4.945,1.4996851509539442,0.1958770127592169
4.95,[1.52984445],4.95,1.4996851509539442,0.19565021617411152
4.955,[1.53032649],4.955,1.4996851509539442,0.19028139727586643
4.96,[1.53079442],4.96,1.4996851509539442,0.19246415675430104
4.965,[1.53124783],4.965,1.4996851509539442,0.19428280285529514
4.97,[1.53168688],4.97,1.4996851509539442,0.19523905095712413
4.9750000000000005,[1.53211162],4.9750000000000005,1.4994897522372075,0.19686666572630518
4.98,[1.53252163],4.98,1.4996851509539442,0.19222111513288295
4.985,[1.53291614],4.985,1.4996851509539442,0.19326446785716847
4.99,[1.53329472],4.99,1.4996851509539442,0.1932691255545122
4.995,[1.53365717],4.995,1.4994897522372075,0.19334690139303295
5.0,[1.53400288],5.0,1.4996851509539442,0.18931581782573678
5.005,[1.53433097],5.005,1.4996851509539442,0.18827880331065483
5.01,[1.53464066],5.01,1.4996851509539442,0.18627560913798216
5.015,[1.5349311],5.015,1.4996851509539442,0.1834359216099413
5.0200000000000005,[1.5352012],5.0200000000000005,1.4996851509539442,0.1799706705972459
5.025,[1.53544984],5.025,1.4996851509539442,0.17836003925356614
5.03,[1.53567566],5.03,1.4996851509539442,0.17032217681662
5.035,[1.53587698],5.035,1.4996851509539442,0.16992171901008538
5.04,[1.53605191],5.04,1.4996851509539442,0.15793063924502299
5.045,[1.53619833],5.045,1.4996851509539442,0.15910650746796767
5.05,[1.53631471],5.05,1.4994897522372075,0.15235209321604767
5.055,[1.53639917],5.055,1.4996851509539442,0.14342449946702404
5.0600000000000005,[1.53644903],5.0600000000000005,1.4996851509539442,0.13474557341094387
5.065,[1.5364625],5.065,1.4996851509539442,0.13786489921223274
5.07,[1.53643879],5.07,1.4996851509539442,0.12651214222643542
5.075,[1.53637437],5.075,1.4996851509539442,0.10025364071133162
5.08,[1.53626475],5.08,1.4994897522372075,0.10939655525253492
5.085,[1.53610842],5.085,1.4996851509539442,0.09627668988305445
5.09,[1.53590366],5.09,1.4994897522372075,0.08551376085966615
5.095,[1.53564723],5.095,1.4994897522372075,0.07421251722870484
5.1000000000000005,[1.53533611],5.1000000000000005,1.4996851509539442,0.06225025933870771
5.105,[1.53496957],5.105,1.4994897522372075,0.07382603962767192
5.11,[1.53454894],5.11,1.4994897522372075,0.058028186281010065
5.115,[1.53407335],5.115,1.499294353520471,0.04476676700940008
5.12,[1.53354001],5.12,1.499294353520471,0.0318422114679405
5.125,[1.53294646],5.125,1.4990989548037343,0.020934298959909916
5.13,[1.53229316],5.13,1.4990989548037343,0.034601414910811173
5.135,[1.53158038],5.135,1.4989035560869972,-0.00803784452353242
5.14,[1.53080601],5.14,1.4987081573702605,0.010196618578125705
5.1450000000000005,[1.52997102],5.1450000000000005,1.498512758653524,-0.005699892794745237
5.15,[1.5290761],5.15,1.4983173599367874,-0.020236743307849962
5.155,[1.52812211],5.155,1.498121961220051,-0.004397865804173076
5.16,[1.52711275],5.16,1.4977311637865773,-0.02420822476580957
5.165,[1.52604811],5.165,1.497340366353104,-0.0417203970331481
5.17,[1.52492506],5.17,1.4971449676363673,-0.05817443855858165
5.175,[1.52374063],5.175,1.4969495689196308,-0.07378868193160201
5.18,[1.52249561],5.18,1.496167974052684,-0.05324320080171918
5.1850000000000005,[1.52119776],5.1850000000000005,1.4955817779024738,-0.040284294679756354
5.19,[1.51984977],5.19,1.4946047843187906,-0.10083350462450201
5.195,[1.51844643],5.195,1.4938231894518441,-0.07951648373866595
5.2,[1.51698273],5.2,1.4924553984346873,-0.13190738786388087
5.205,[1.51544944],5.205,1.4912830061342672,-0.13909666961503636
5.21,[1.5138383],5.21,1.4899152151171104,-0.14593729921651485
5.215,[1.51214595],5.215,1.4883520253832172,-0.15239085665597624
5.22,[1.51036915],5.22,1.486593436932587,-0.15824496491668735
5.2250000000000005,[1.50850994],5.2250000000000005,1.4852256459154307,-0.1318833536926902
5.23,[1.50657493],5.23,1.4832716587480639,-0.14796057674019125
5.235,[1.50456461],5.235,1.4809268741472237,-0.158399499961844
5.24,[1.50247406],5.24,1.4783866908296472,-0.16506742850005682
5.245,[1.50029888],5.245,1.4760419062288068,-0.17093147921298613
5.25,[1.49802937],5.25,1.4727201280442836,-0.1910615037546538
5.255,[1.49565739],5.255,1.4699845460099703,-0.16510100052743332
5.26,[1.49318809],5.26,1.4674443626923934,-0.17030620149289358
5.265,[1.49062613],5.265,1.46412258450787,-0.1704878924338937
5.2700000000000005,[1.48796352],5.2700000000000005,1.45943301530619,-0.17519396065190335
5.275,[1.48519398],5.275,1.456697433271877,-0.15865871744883542
5.28,[1.48231896],5.28,1.4520078640701966,-0.16385663985481466
5.285,[1.47933384],5.285,1.4482952884522,-0.15868442763676577
5.29,[1.47623551],5.29,1.4441919154007297,-0.1521777090383644
5.295,[1.47303536],5.295,1.4404793397827331,-0.13246052419300627
5.3,[1.46974381],5.3,1.4353989731475796,-0.13890865785356374
5.305,[1.466357],5.305,1.4311002013793728,-0.13342110501265225
5.3100000000000005,[1.46286554],5.3100000000000005,1.4268014296111662,-0.11871581562346627
5.315,[1.45926915],5.315,1.4228934552764325,-0.12438444001858252
5.32,[1.45558922],5.32,1.4195716770919091,-0.10909778553880868
5.325,[1.45185152],5.325,1.415663702757176,-0.1162907341694999
5.33,[1.44806469],5.33,1.4121465258559158,-0.12213889889122755
5.335,[1.4442295],5.335,1.4086293489546555,-0.1261430088476266
5.34,[1.44034696],5.34,1.4039397797529758,-0.12331974108950772
5.345,[1.43641837],5.345,1.4000318054182421,-0.12396572593741895
5.3500000000000005,[1.4324524],5.3500000000000005,1.3967100272337187,-0.11259859275092293
5.355,[1.42846388],5.355,1.3933882490491956,-0.12341303237172102
5.36,[1.42445859],5.36,1.388894078564252,-0.12489180338327292
5.365,[1.42043463],5.365,1.384790705512782,-0.1263771816099602
5.37,[1.41639068],5.37,1.3804919337445751,-0.12601400555692496
5.375,[1.41232603],5.375,1.3767793581265784,-0.12817275391972252
5.38,[1.40823359],5.38,1.3709173966244785,-0.11146971342762466
5.385,[1.404101],5.385,1.366618624856272,-0.11529835616880126
5.39,[1.3999325],5.39,1.3636876441052217,-0.12038542850597915
5.3950000000000005,[1.39574622],5.3950000000000005,1.3603658659206983,-0.12657417608786972
5.4,[1.39155111],5.4,1.3566532903027015,-0.12994394578525467
5.405,[1.38735504],5.405,1.352745315967968,-0.11387822568438215
5.41,[1.38316503],5.41,1.348641942916498,-0.13359491528537326
5.415,[1.37898046],5.415,1.3453201647319744,-0.12480310881699481
5.42,[1.37480774],5.42,1.3418029878307145,-0.13265436509642112
5.425,[1.37065255],5.425,1.3376996147792444,-0.1354434486888893
5.43,[1.36651313],5.43,1.3335962417277742,-0.13692646881268064
5.4350000000000005,[1.36239473],5.4350000000000005,1.3296882673930412,-0.11705998683443478
5.44,[1.35830188],5.44,1.3253894956248342,-0.14059130938475561
5.445,[1.35423191],5.445,1.3214815212901008,-0.1238005633152223
5.45,[1.35018894],5.45,1.3179643443888407,-0.13156800759749587
5.455,[1.34617648],5.455,1.3144471674875808,-0.13709563686809442
5.46,[1.34219727],5.46,1.3111253893030574,-0.1167488825757834
5.465,[1.33825977],5.465,1.3068266175348506,-0.12570225683368894
5.47,[1.3343645],5.47,1.3027232444833805,-0.13103898079143989
5.4750000000000005,[1.33049904],5.4750000000000005,1.2982290739984372,-0.14453687469930043
5.48,[1.32665267],5.48,1.2949072958139138,-0.1298559020604478
5.485,[1.32282869],5.485,1.2911947201959169,-0.13413915686028383
5.49,[1.31902966],5.49,1.2863097522775002,-0.13121859306728173
5.495,[1.31525119],5.495,1.2825971766595035,-0.13302135651355107
5.5,[1.3114892],5.5,1.2782984048912969,-0.13152869041710613
5.505,[1.3077398],5.505,1.2743904305565632,-0.13179878026512692
5.51,[1.30399929],5.51,1.2704824562218298,-0.13174455421208403
5.515,[1.30027059],5.515,1.2665744818870965,-0.10824120855069115
5.5200000000000005,[1.29656208],5.5200000000000005,1.262666507552363,-0.11682377322709603
5.525,[1.2928738],5.525,1.2591493306511032,-0.1239358315625397
5.53,[1.28919875],5.53,1.2552413563163693,-0.12691694250393565
5.535,[1.28553031],5.535,1.2525057742820562,-0.13431535713405288
5.54,[1.28186898],5.54,1.2489885973807964,-0.11384368340804821
5.545,[1.27822129],5.545,1.2441036294623793,-0.11892938929770898
5.55,[1.27458547],5.55,1.240781851277856,-0.1273027028790448
5.555,[1.27095272],5.555,1.2364830795096493,-0.1281585965921693
5.5600000000000005,[1.26732189],5.5600000000000005,1.2325751051749159,-0.10706789890371363
5.565,[1.26369845],5.565,1.2292533269903925,-0.12036634782924913
5.57,[1.26007956],5.57,1.2251499539389223,-0.12473500593706206
5.575,[1.25645535],5.575,1.2214373783209256,-0.1279770959811821
5.58,[1.25281695],5.58,1.2177248027029288,-0.12957781579126712
5.585,[1.24915647],5.585,1.2130352335012489,-0.12535182331136557
5.59,[1.24547422],5.59,1.2097134553167255,-0.11386237607303719
5.595,[1.24177012],5.595,1.2054146835485189,-0.12265441705313034
5.6000000000000005,[1.23803656],5.6000000000000005,1.2018975066472588,-0.12012541710146148
5.605,[1.23426679],5.605,1.196426342578632,-0.11016202926185321
5.61,[1.23045484],5.61,1.1927137669606351,-0.11551967754731042
5.615,[1.22661117],5.615,1.1895873874928484,-0.10471345216467326
5.62,[1.22274438],5.62,1.1854840144413783,-0.11699012027353457
5.625,[1.21884618],5.625,1.1815760401066449,-0.11590439440481651
5.63,[1.21491725],5.63,1.1780588632053848,-0.12135771461457005
5.635,[1.21095796],5.635,1.1731738952869681,-0.11685590346086194
5.64,[1.20696063],5.64,1.169656718385708,-0.11763199737219932
5.6450000000000005,[1.20292677],5.6450000000000005,1.1659441427677113,-0.11708107926197406
5.65,[1.19885762],5.65,1.160668377415821,-0.1007607970007274
5.655,[1.19473788],5.655,1.1569558017978245,-0.10211973608035936
5.66,[1.19054647],5.66,1.1522662325961444,-0.04389081997717148
5.665,[1.18626567],5.665,1.1481628595446745,-0.0626765812741484
5.67,[1.18188941],5.67,1.1432778916262578,-0.07059330581338104
5.675,[1.17742152],5.675,1.1397607147249975,-0.08100890020251725
5.68,[1.17287449],5.68,1.1364389365404741,-0.12175906599914688
5.6850000000000005,[1.16827667],5.6850000000000005,1.1327263609224774,-0.1253942521637288
5.69,[1.1636436],5.69,1.1276459942873238,-0.10286646598623735
5.695,[1.15896237],5.695,1.1237380199525906,-0.10297325049026168
5.7,[1.15422208],5.7,1.1202208430513305,-0.105419797610441
5.705,[1.1494222],5.705,1.1161174699998604,-0.10524152437222391
5.71,[1.14456234],5.71,1.1120140969483903,-0.10496616674735207
5.715,[1.13964223],5.715,1.1081061226136568,-0.10597128738784893
5.72,[1.13466174],5.72,1.104588945712397,-0.10908775193522456
5.7250000000000005,[1.12963024],5.7250000000000005,1.1014625662446103,-0.159877839592208
5.73,[1.12455569],5.73,1.09618680089272,-0.0846499253638035
5.735,[1.1194261],5.735,1.0922788265579866,-0.09294342912498861
5.74,[1.11423149],5.74,1.0881754535065165,-0.0990686645599419
5.745,[1.10897294],5.745,1.084267479171783,-0.10483827132901713
5.75,[1.10366132],5.75,1.0807503022705232,-0.17697786181875466
5.755,[1.09831566],5.755,1.0770377266525264,-0.17080694015551756
5.76,[1.09294232],5.76,1.0729343536010563,-0.16192616829630566
5.765,[1.08753677],5.765,1.0692217779830595,-0.15621803171431362
5.7700000000000005,[1.08209491],5.7700000000000005,1.0660953985152728,-0.1549880548466744
5.775,[1.07662317],5.775,1.0623828228972763,-0.22078782701414185
5.78,[1.0711368],5.78,1.0576932536955959,-0.2060023424495827
5.785,[1.0656281],5.785,1.0533944819273893,-0.16291607035619926
5.79,[1.06008013],5.79,1.0498773050261292,-0.20755134129809255
5.795,[1.05449894],5.795,1.0461647294081324,-0.1956625173901316
5.8,[1.04889985],5.8,1.042842951223609,-0.2609329282296384
5.805,[1.04329568],5.805,1.038739578172139,-0.24475014043209162
5.8100000000000005,[1.03769699],5.8100000000000005,1.0356131987043522,-0.28925575768179446
5.815,[1.03211228],5.815,1.0315098256528823,-0.27419600446204684
5.82,[1.02653755],5.82,1.0274064526014122,-0.25323241528356333
5.825,[1.02094748],5.825,1.022130687249522,-0.24291594502171437
5.83,[1.01532031],5.83,1.0184181116315254,-0.2465328798201077
5.835,[1.00965916],5.835,1.013923941146582,-0.22792912020270936
5.84,[1.00396658],5.84,1.0100159668118485,-0.24309927366445164
5.845,[0.99822288],5.845,1.0053263976101683,-0.2897560217302239
5.8500000000000005,[0.99241162],5.8500000000000005,1.001418423275435,-0.256227399292302
5.855,[0.98654132],5.855,0.9975104489407016,-0.2719304492214186
5.86,[0.98061952],5.86,0.9934070758892316,-0.28586149464983956
5.865,[0.97463058],5.865,0.9889129054042881,-0.3341901089117476
5.87,[0.96855043],5.87,0.9852003297862914,-0.338413878596993
5.875,[0.96237056],5.875,0.9809015580180845,-0.3425123135436696
5.88,[0.95609587],5.88,0.9764073875331412,-0.34799922340570355
5.885,[0.94973132],5.885,0.9724994131984078,-0.35820349226627024
5.89,[0.94328185],5.89,0.9682006414302011,-0.3679111072659016
5.8950000000000005,[0.93675233],5.8950000000000005,0.9648788632456776,-0.3834501186647091
5.9,[0.93015909],5.9,0.961752483777891,-0.36819656385311206
5.905,[0.92352798],5.905,0.9574537120096842,-0.38569320104364746
5.91,[0.9168577],5.91,0.9517871492243207,-0.43814742901494225
5.915,[0.91013562],5.915,0.948660769756534,-0.4126236868920182
5.92,[0.90337467],5.92,0.9451435928552739,-0.43685818633195783
5.925,[0.89658575],5.925,0.9412356185205405,-0.4577525532363698
5.93,[0.88976614],5.93,0.9367414480355971,-0.47438223123176093
5.9350000000000005,[0.88291341],5.9350000000000005,0.9322472775506537,-0.49013379061412
5.94,[0.87602537],5.94,0.928534701932657,-0.5091664632779781
5.945,[0.86910008],5.945,0.9244313288811868,-0.526096615240189
5.95,[0.86214808],5.95,0.9215003481301368,-0.5080432549084014
5.955,[0.85519047],5.955,0.9175923737954035,-0.5367037551344129
5.96,[0.84823268],5.96,0.9138797981774068,-0.5629882055474786
5.965,[0.8412791],5.965,0.9111442161430933,-0.5695483300611626
5.97,[0.83434542],5.97,0.90665004565815,-0.5801677600019959
5.9750000000000005,[0.82743217],5.9750000000000005,0.9027420713234164,-0.6074426341543403
5.98,[0.82052703],5.98,0.8992248944221565,-0.6331910684634984
5.985,[0.81361939],5.985,0.8955123188041597,-0.6554683703128055
5.99,[0.80670013],5.99,0.8910181483192163,-0.6721724544435036
5.995,[0.79977403],5.995,0.8876963701346929,-0.6524472269737432
6.0,[0.79285751],6.0,0.8835929970832228,-0.680721571204748
6.005,[0.78595189],6.005,0.8802712188986994,-0.7089574830411534
6.01,[0.77905814],6.01,0.8765586432807027,-0.7011819100160925
6.015000000000001,[0.77217686],6.015000000000001,0.8726506689459693,-0.7641444455446909
6.0200000000000005,[0.76528356],6.0200000000000005,0.8683518971777625,-0.7774953474125978
6.025,[0.75837005],6.025,0.8642485241262925,-0.7504700622377664
6.03,[0.75144208],6.03,0.8593635562078759,-0.8135150567627952
6.035,[0.74447992],6.035,0.8560417780233522,-0.828346285552791
6.04,[0.73747977],6.04,0.8527199998388288,-0.8030441768639373
6.045,[0.73046377],6.045,0.848421228070622,-0.8266206127957869
6.05,[0.72342611],6.05,0.8425592665685222,-0.8806971337495126
6.055,[0.71633741],6.055,0.8382604948003154,-0.8878042730489613
6.0600000000000005,[0.70918593],6.0600000000000005,0.8333755268818985,-0.8940452966959389
6.065,[0.7019749],6.065,0.8294675525471652,-0.9069348460534368
6.07,[0.69470777],6.07,0.8249733820622217,-0.9184041413615007
6.075,[0.68738809],6.075,0.8208700090107517,-0.9328692378194285
6.08,[0.68001944],6.08,0.8161804398090716,-0.9453349987244185
6.085,[0.67260528],6.085,0.8122724654743383,-0.9623097115079041
6.09,[0.66514897],6.09,0.808169092422868,-0.9788738692770016
6.095,[0.65765367],6.095,0.8042611180881346,-0.996882552580679
6.1000000000000005,[0.65012232],6.1000000000000005,0.7995715488864547,-1.0113641404351568
6.105,[0.64255764],6.105,0.7956635745517212,-1.0300033688268193
6.11,[0.63496212],6.11,0.7921463976504612,-1.0507746629772856
6.115,[0.62733804],6.115,0.7876522271655179,-1.0669185533496284
6.12,[0.61968748],6.12,0.783353455397311,-1.0841708096144318
6.125,[0.61202505],6.125,0.779836278496051,-1.0634412178270507
6.13,[0.6043631],6.13,0.7753421080111076,-1.1338696604590461
6.135,[0.59669921],6.135,0.7722157285433208,-1.1117151929059603
6.140000000000001,[0.58903118],6.140000000000001,0.767916956775114,-1.180705285781801
6.1450000000000005,[0.58135704],6.1450000000000005,0.7640089824403806,-1.152701036687918
6.15,[0.5736878],6.15,0.7604918055391207,-1.1820963485345133
6.155,[0.56603251],6.155,0.7559976350541772,-1.2047379138929313
6.16,[0.55838557],6.16,0.751894262002707,-1.2274544333657413
6.165,[0.55074179],6.165,0.7481816863847104,-1.2509000937520542
6.17,[0.54309643],6.17,0.7438829146165036,-1.2705520206644918
6.175,[0.5354582],6.175,0.7405611364319802,-1.2514037392121644
6.18,[0.52783424],6.18,0.7362623646637734,-1.3248038966254994
6.1850000000000005,[0.52021743],6.1850000000000005,0.7327451877625135,-1.3001834532809264
6.19,[0.51261467],6.19,0.7280556185608333,-1.3249651299995775
6.195,[0.50503188],6.195,0.7239522455093631,-1.349596258268227
6.2,[0.49746127],6.2,0.7204350686081032,-1.3742691958068995
6.205,[0.48990941],6.205,0.7171132904235799,-1.3560378069115298
6.21,[0.48239507],6.21,0.7134007148055831,-1.388343848365672
6.215,[0.47492183],6.215,0.7094927404708496,-1.4147831422474568
6.22,[0.46749291],6.22,0.7065617597197996,-1.4017159230898935
6.2250000000000005,[0.460124],6.2250000000000005,0.7032399815352761,-1.4362368139150163
6.23,[0.45281669],6.23,0.6997228046340161,-1.463978283037385
6.235,[0.44556107],6.235,0.6952286341490728,-1.4821212628723461
6.24,[0.43835028],6.24,0.6905390649473927,-1.495848493975078
6.245,[0.43116945],6.245,0.6854586983122393,-1.5406889194382187
6.25,[0.42400805],6.25,0.6817461226942425,-1.5089879803485662
6.255,[0.41688095],6.255,0.6784243445097191,-1.5265952227796062
6.26,[0.4098128],6.26,0.6747117688917224,-1.5904015346096256
6.265000000000001,[0.40282516],6.265000000000001,0.671389990707199,-1.5939770204562742
6.2700000000000005,[0.39592719],6.2700000000000005,0.6678728138059389,-1.6043693818700613
6.275,[0.38912701],6.275,0.6647464343381523,-1.6749391062187517
6.28,[0.38244165],6.28,0.6604476625699455,-1.678992932984271
6.285,[0.37587682],6.285,0.656539688235212,-1.6874958108871865
6.29,[0.36942052],6.29,0.6510685241665852,-1.6304605593428547
6.295,[0.36305558],6.295,0.6471605498318519,-1.6710767261523238
6.3,[0.35677733],6.3,0.6430571767803818,-1.7022227951946962
6.305,[0.35059133],6.305,0.6387584050121751,-1.72533732422575
6.3100000000000005,[0.34450306],6.3100000000000005,0.6344596332439683,-1.7435984031172829
6.315,[0.33851084],6.315,0.6299654627590249,-1.7263899836154268
6.32,[0.33262064],6.32,0.6266436845745015,-1.7389339573783282
6.325,[0.32685837],6.325,0.6229311089565047,-1.7707183195278111
6.33,[0.32123868],6.33,0.618632337188298,-1.7879403290367968
6.335,[0.31575356],6.335,0.6141381667033546,-1.7814457973332525
6.34,[0.31039604],6.34,0.6110117872355679,-1.8077326431366882
6.345,[0.30516673],6.345,0.6061268193171511,-1.8098490540259757
6.3500000000000005,[0.30006595],6.3500000000000005,0.6026096424158911,-1.8081938730187557
6.355,[0.29509928],6.355,0.5990924655146309,-1.8128330739307257
6.36,[0.29027118],6.36,0.5949890924631609,-1.813271653549651
6.365,[0.28557916],6.365,0.5904949219782174,-1.8104338468625554
6.37,[0.28102075],6.37,0.5861961502100108,-1.8073801354520307
6.375,[0.27659342],6.375,0.5826789733087506,-1.8069854488438573
6.38,[0.27229468],6.38,0.5779894041070706,-1.7999086589743287
6.385,[0.26812201],6.385,0.5738860310556004,-1.7945775788317682
6.390000000000001,[0.26407736],6.390000000000001,0.5707596515878138,-1.7636940587047747
6.3950000000000005,[0.26016622],6.3950000000000005,0.5668516772530804,-1.7666546616415635
6.4,[0.25638796],6.4,0.5635298990685569,-1.7693320840276325
6.405,[0.25273685],6.405,0.5604035196007703,-1.7701323659583188
6.41,[0.24920751],6.41,0.5563001465493002,-1.7639942865549567
6.415,[0.24579876],6.415,0.5523921722145668,-1.7265941770541082
6.42,[0.24251276],6.42,0.5482887991630967,-1.72724674063958
6.425,[0.23934675],6.425,0.5447716222618366,-1.7268565590131515
6.43,[0.23629392],6.43,0.5414498440773132,-1.7243509114599418
6.4350000000000005,[0.23335145],6.4350000000000005,0.5373464710258432,-1.6860120311141957
6.44,[0.23051974],6.44,0.5328523005408997,-1.6835297411497552
6.445,[0.22779185],6.445,0.528553528772693,-1.7049342115662334
6.45,[0.22515798],6.45,0.5250363518714329,-1.6644935561461254
6.455,[0.22261586],6.455,0.5215191749701729,-1.6594460670765958
6.46,[0.22016325],6.46,0.5176112006354395,-1.6502858506586062
6.465,[0.2177976],6.465,0.5140940237341795,-1.61483733979816
6.47,[0.21551912],6.47,0.5105768468329194,-1.6131252323886338
6.4750000000000005,[0.21332466],6.4750000000000005,0.5068642712149226,-1.6072759546486135
6.48,[0.21120838],6.48,0.5037378917471359,-1.6014030467856788
6.485,[0.20916508],6.485,0.4998299174124025,-1.5898339741706915
6.49,[0.20719248],6.49,0.49592194307766907,-1.553129942329885
6.495,[0.20529075],6.495,0.4916231713094623,-1.5448728562952778
6.5,[0.20345725],6.5,0.4873243995412556,-1.5337504551473105
6.505,[0.20168708],6.505,0.4834164252065221,-1.5222132838793798
6.51,[0.19997592],6.51,0.4789222547215788,-1.5060166817518552
6.515000000000001,[0.19831997],6.515000000000001,0.4748188816701087,-1.4908882766255562
6.5200000000000005,[0.19671588],6.5200000000000005,0.4707155086186386,-1.4747394893811536
6.525,[0.19516073],6.525,0.4668075342839052,-1.4590287453513666
6.53,[0.1936519],6.53,0.46250876251569845,-1.4414402284159478
6.535,[0.19218703],6.535,0.45879618689770174,-1.4261677128568049
6.54,[0.19076403],6.54,0.4552790099964417,-1.4117421718116718
6.545,[0.18938272],6.545,0.4513710356617082,-1.37770146799884
6.55,[0.18804443],6.55,0.4468768651767649,-1.3636881310426134
6.555,[0.18674841],6.555,0.44277349212529477,-1.349981508287289
6.5600000000000005,[0.18549063],6.5600000000000005,0.43769312549014133,-1.346081148183017
6.565,[0.18426753],6.565,0.43437134730561794,-1.3135233725397781
6.57,[0.18307905],6.57,0.43007257553741124,-1.2971483982728722
6.575,[0.18192502],6.575,0.42655539863615116,-1.2840939350719434
6.58,[0.18080504],6.58,0.42342901916836445,-1.2575356401654612
6.585,[0.17971862],6.585,0.419521044833631,-1.2606764691954655
6.59,[0.17866378],6.59,0.41600386793237093,-1.2313031352587716
6.595,[0.17763996],6.595,0.4119004948809009,-1.2169503190343434
6.6000000000000005,[0.17664533],6.6000000000000005,0.4068201282457474,-1.2102874443427898
6.605,[0.17567563],6.605,0.4031075526277507,-1.1920501115841697
6.61,[0.17472964],6.61,0.39939497700975396,-1.1614536291881365
6.615,[0.1738087],6.615,0.3960731988252306,-1.1502029730726484
6.62,[0.17291373],6.62,0.39314221807418054,-1.1272794231489962
6.625,[0.17204531],6.625,0.38903884502271047,-1.1144387692927882
6.63,[0.17120258],6.63,0.3857170668381871,-1.103925936312543
6.635,[0.1703835],6.635,0.3814182950699803,-1.0874267645236972
6.640000000000001,[0.16958726],6.640000000000001,0.37770571945198356,-1.0614584551468695
6.6450000000000005,[0.16881306],6.6450000000000005,0.3732115489670402,-1.0575964171114154
6.65,[0.16805792],6.65,0.36871737848209674,-1.0372496088026029
6.655,[0.16732031],6.655,0.36539560029757334,-1.0116154270575342
6.66,[0.16660092],6.66,0.36148762596283995,-0.9975422449912783
6.665,[0.16589818],6.665,0.3569934554778965,-0.9903122626120587
6.67,[0.16520871],6.67,0.3519130888427431,-0.9655122727495813
6.675,[0.16453063],6.675,0.3480051145080097,-0.9466773364307204
6.68,[0.16386428],6.68,0.3450741337569596,-0.9229119951977501
6.6850000000000005,[0.16321086],6.6850000000000005,0.34077536198875297,-0.9061027176513824
6.69,[0.16257038],6.69,0.33706278637075615,-0.891217776709365
6.695,[0.16194185],6.695,0.33237321716907614,-0.8710423433311089
6.7,[0.16132442],6.7,0.32885604026781606,-0.856316553688951
6.705,[0.16071821],6.705,0.3255342620832926,-0.83264423106184
6.71,[0.16012413],6.71,0.3220170851820326,-0.8202440410997736
6.715,[0.15954204],6.715,0.3184999082807725,-0.8069505928836188
6.72,[0.15897089],6.72,0.31381033907909234,-0.7870734770874775
6.7250000000000005,[0.15841055],6.7250000000000005,0.3102931621778323,-0.7635246816422859
6.73,[0.15786089],6.73,0.306385187843099,-0.7579680936090171
6.735,[0.15732015],6.735,0.3026726122251022,-0.7410542670555179
6.74,[0.15678758],6.74,0.29896003660710546,-0.7155427457730137
6.745,[0.15626339],6.745,0.2942704674054254,-0.7045753296533503
6.75,[0.15574617],6.75,0.28997169563721864,-0.683995651509581
6.755,[0.1552355],6.755,0.28664991745269525,-0.6602324284148103
6.76,[0.15473254],6.76,0.28293734183469854,-0.6453294595219681
6.765000000000001,[0.15423748],6.765000000000001,0.27961556365017515,-0.6318107598112555
6.7700000000000005,[0.15375046],6.7700000000000005,0.276098386748915,-0.6091293176169451
6.775,[0.15327226],6.775,0.2727766085643917,-0.5970998744448518
6.78,[0.15280277],6.78,0.2686732355129216,-0.5805139376324294
6.785,[0.15234184],6.785,0.2651560586116615,-0.5584638988687173
6.79,[0.15189],6.79,0.26144348299366477,-0.5446887279301686
6.795,[0.15144697],6.795,0.25773090737566806,-0.5299312909030097
6.8,[0.15101245],6.8,0.25440912919114467,-0.5093267794755906
6.805,[0.15058613],6.805,0.2508919522898846,-0.5034348046678362
6.8100000000000005,[0.15016708],6.8100000000000005,0.24717937667188783,-0.4797922573559844
6.815,[0.1497551],6.815,0.24288060490368113,-0.46207313400566447
6.82,[0.14934998],6.82,0.2391680292856844,-0.4465600098046877
6.825,[0.14895151],6.825,0.23545545366768764,-0.4236426674466512
6.83,[0.1485601],6.83,0.2317428780496909,-0.40924627656980905
6.835,[0.14817547],6.835,0.22744410628148415,-0.3911256139646093
6.84,[0.14779613],6.84,0.22294993579654077,-0.37766269527454577
6.845,[0.14742087],6.845,0.21923736017854403,-0.35293837569861564
6.8500000000000005,[0.14704926],6.8500000000000005,0.2141569935433906,-0.3363100198044403
6.855,[0.14668097],6.855,0.2108352153588672,-0.3136496480823609
6.86,[0.14631519],6.86,0.20536405129024043,-0.3006333444078707
6.865,[0.14595076],6.865,0.20106527952203365,-0.2715342365206667
6.87,[0.14558782],6.87,0.19735270390403695,-0.2537376363233679
6.875,[0.14522765],6.875,0.1938355270027769,-0.23139806696333245
6.88,[0.14487081],6.88,0.19012295138478016,-0.22132918591639725
6.885,[0.14451722],6.885,0.18680117320025674,-0.19984221754525322
6.890000000000001,[0.14416734],6.890000000000001,0.18367479373247003,-0.1866301266056986
6.8950000000000005,[0.14382209],6.8950000000000005,0.18035301554794664,-0.16661969555244155
6.9,[0.14348221],6.9,0.1768358386466866,-0.1527293998332468
6.905,[0.14314779],6.905,0.17312326302868986,-0.1370172122524786
6.91,[0.1428189],6.91,0.16999688356090312,-0.11848165744538278
6.915,[0.14249553],6.915,0.16628430794290636,-0.10860143701486219
6.92,[0.14217672],6.92,0.16218093489143628,-0.0894276666932333
6.925,[0.14186209],6.925,0.15807756183996624,-0.06505364299652858
6.93,[0.14155228],6.93,0.15416958750523282,-0.04814588031877397
6.9350000000000005,[0.14124686],6.9350000000000005,0.14928461958681605,-0.031042311764863002
6.94,[0.14094451],6.94,0.14459505038513598,-0.008030977676533376
6.945,[0.14064506],6.945,0.1412732722006126,0.012997432521497163
6.95,[0.14034927],6.95,0.13775609529935254,0.028495046263444936
6.955,[0.14005734],6.955,0.13345732353114578,0.047976005498910734
6.96,[0.13976896],6.96,0.1301355453466224,0.06283175224875681
6.965,[0.13948386],6.965,0.12642296972862566,0.0796813528774396
6.97,[0.13920181],6.97,0.12290579282736558,0.09523630710800836
6.9750000000000005,[0.1389226],6.9750000000000005,0.1195840146428422,0.11001762023163483
6.98,[0.13864607],6.98,0.1168484326085288,0.12163153236222632
6.985,[0.13837207],6.985,0.11411285057421541,0.13318609697217137
6.99,[0.13810049],6.99,0.11118186982316537,0.1452228326833566
6.995,[0.13783162],6.995,0.10864168650558867,0.1597893533115134
7.0,[0.1375661],7.0,0.10629690190474862,0.16771097102844934
7.005,[0.13730446],7.005,0.1043429147373819,0.1783828108866311
7.01,[0.13704672],7.01,0.10160733270306853,0.1829583751683274
7.015000000000001,[0.13679248],7.015000000000001,0.10004414296917516,0.19222649043516288
7.0200000000000005,[0.13654178],7.0200000000000005,0.09809015580180845,0.19777684808410703
7.025,[0.13629461],7.025,0.09633156735117841,0.2028717639940498
7.03,[0.1360506],7.03,0.09496377633402173,0.20635397590649468
7.035,[0.1358094],7.035,0.09359598531686505,0.2099515404348515
7.04,[0.13557068],7.04,0.09261899173318171,0.2115747032531684
7.045,[0.1353342],7.045,0.09144659943276168,0.2143760560237147
7.05,[0.13509973],7.05,0.09066500456581499,0.21521680355224876
7.055,[0.13486746],7.055,0.09007880841560498,0.2193341522732813
7.0600000000000005,[0.13463789],7.0600000000000005,0.08949261226539497,0.21846949077033473
7.065,[0.13441108],7.065,0.08910181483192163,0.21694887741806027
7.07,[0.13418741],7.07,0.08890641611518496,0.2151135957292441
7.075,[0.13396754],7.075,0.08871101739844828,0.20915596177305168
7.08,[0.13375094],7.08,0.08851561868171162,0.20804758296847128
7.085,[0.1335368],7.085,0.08851561868171162,0.2061662338411679
7.09,[0.13332511],7.09,0.08871101739844828,0.20692535067273682
7.095,[0.13311619],7.095,0.08871101739844828,0.2038687708924729
7.1000000000000005,[0.13290994],7.1000000000000005,0.08871101739844828,0.20072908799832487
7.105,[0.13270592],7.105,0.08871101739844828,0.19850439316962215
7.11,[0.13250376],7.11,0.08871101739844828,0.19655864010204407
7.115,[0.13230316],7.115,0.08890641611518496,0.19390693689926258
7.12,[0.1321042],7.12,0.08890641611518496,0.1959723467107684
7.125,[0.13190727],7.125,0.08890641611518496,0.1938370953772304
7.13,[0.13171236],7.13,0.08890641611518496,0.19203646920374728
7.135,[0.13151945],7.135,0.08890641611518496,0.19387516382641526
7.140000000000001,[0.1313288],7.140000000000001,0.08890641611518496,0.19157901974146052
7.1450000000000005,[0.13114068],7.1450000000000005,0.08890641611518496,0.19337098065477296
7.15,[0.13095529],7.15,0.08890641611518496,0.19096921470663425
7.155,[0.13077215],7.155,0.08890641611518496,0.18558856606991805
7.16,[0.1305905],7.16,0.08910181483192163,0.187451152022755
7.165,[0.13041031],7.165,0.08890641611518496,0.18673815667325158
7.17,[0.13023189],7.17,0.08890641611518496,0.18875016263425218
7.175,[0.13005516],7.175,0.08890641611518496,0.18335338662030354
7.18,[0.12987977],7.18,0.08890641611518496,0.18596230587582438
7.1850000000000005,[0.12970576],7.1850000000000005,0.08890641611518496,0.18441437151414097
7.19,[0.12953259],7.19,0.08890641611518496,0.17688252182244094
7.195,[0.12935898],7.195,0.08910181483192163,0.1767102805075382
7.2,[0.12918472],7.2,0.08890641611518496,0.18102772617513443
7.205,[0.1290105],7.205,0.08890641611518496,0.18019636073322814
7.21,[0.12883694],7.21,0.08910181483192163,0.18150765198706523
7.215,[0.12866458],7.215,0.08890641611518496,0.18093424903343538
7.22,[0.12849362],7.22,0.08890641611518496,0.17960837090161497
7.2250000000000005,[0.12832397],7.2250000000000005,0.08890641611518496,0.17856631862728928
7.23,[0.12815559],7.23,0.08890641611518496,0.1777560602023791
7.235,[0.12798846],7.235,0.08910181483192163,0.1761127809394828
7.24,[0.12782261],7.24,0.08910181483192163,0.17547233108250515
7.245,[0.12765831],7.245,0.08890641611518496,0.17836036416900508
7.25,[0.12749604],7.25,0.08910181483192163,0.1761747768555407
7.255,[0.12733599],7.255,0.08910181483192163,0.17505833111912308
7.26,[0.12717828],7.26,0.08890641611518496,0.17756588478929283
7.265000000000001,[0.12702328],7.265000000000001,0.08910181483192163,0.17512234022258186
7.2700000000000005,[0.12687104],7.2700000000000005,0.08890641611518496,0.17494412814707255
7.275,[0.12672139],7.275,0.08910181483192163,0.17298409493964328
7.28,[0.12657421],7.28,0.08890641611518496,0.17340684898505457
7.285,[0.12642943],7.285,0.08890641611518496,0.17277726902997992
7.29,[0.12628698],7.29,0.08910181483192163,0.17134159267837867
7.295,[0.12614683],7.295,0.08910181483192163,0.17079320299940845
7.3,[0.12600911],7.3,0.08910181483192163,0.17236268709767336
7.305,[0.12587413],7.305,0.08910181483192163,0.17143186135094465
7.3100000000000005,[0.12574199],7.3100000000000005,0.08910181483192163,0.1708156354439874
7.315,[0.12561245],7.315,0.08910181483192163,0.1683055551421018
7.32,[0.12548529],7.32,0.08910181483192163,0.17024182740362492
7.325,[0.12536068],7.325,0.08929721354865831,0.1688062353252631
7.33,[0.12523879],7.33,0.08929721354865831,0.167996593074293
7.335,[0.12511955],7.335,0.08968801098213164,0.16571556734964624
7.34,[0.12500293],7.34,0.08968801098213164,0.16500986107002022
7.345,[0.12488891],7.345,0.08988340969886832,0.16369736685177635
7.3500000000000005,[0.12477748],7.3500000000000005,0.09007880841560498,0.16236597206364403
7.355,[0.12466866],7.355,0.09027420713234166,0.16091961193995477
7.36,[0.1245626],7.36,0.09066500456581499,0.15975958074355026
7.365,[0.12445939],7.365,0.09086040328255167,0.1565362072515887
7.37,[0.124359],7.37,0.09144659943276168,0.15440923485599117
7.375,[0.12426149],7.375,0.09183739686623502,0.1517125597813993
7.38,[0.12416695],7.38,0.09222819429970835,0.14903868455091399
7.385,[0.12407531],7.385,0.09281439044991838,0.145434694660009
7.390000000000001,[0.12398659],7.390000000000001,0.09300978916665503,0.14488480403082554
7.3950000000000005,[0.12390081],7.3950000000000005,0.09359598531686505,0.14005822127136996
7.4,[0.12381788],7.4,0.09418218146707506,0.1376593624007835
7.405,[0.1237288],7.405,0.09476837761728506,0.03649903065015894
7.41,[0.12361549],7.41,0.09535457376749508,0.043666330740202874
7.415,[0.12347088],7.415,0.09574537120096842,0.07205975488323964
7.42,[0.12330079],7.42,0.09613616863444177,0.088300072839181
7.425,[0.12311185],7.425,0.09672236478465177,0.09623589400743886
7.43,[0.12290832],7.43,0.0971131622181251,0.09039788632286357
7.4350000000000005,[0.12269241],7.4350000000000005,0.09769935836833513,0.09077138199168659
7.44,[0.12246592],7.44,0.09828555451854513,0.08561739769414219
7.445,[0.12223044],7.445,0.09887175066875514,0.08178585874462031
7.45,[0.12198707],7.45,0.09945794681896515,0.07612394396645894
7.455,[0.12173729],7.455,0.09984874425243849,0.07911226571477156
7.46,[0.12148345],7.46,0.10043494040264851,0.0775109570567528
7.465,[0.12122793],7.465,0.10082573783612185,0.07625331819992935
7.47,[0.12097295],7.47,0.10121653526959519,0.07819682643857324
7.4750000000000005,[0.12072108],7.4750000000000005,0.10160733270306853,0.07870653190187717
7.48,[0.12047492],7.48,0.10219352885327855,0.07857205034513509
7.485,[0.12023689],7.485,0.10258432628675188,0.07846252955462917
7.49,[0.1200094],7.49,0.10297512372022523,0.08115131546380414
7.495,[0.11979484],7.495,0.10336592115369855,0.07995752881459638
7.5,[0.11959523],7.5,0.1037567185871719,0.08149697815286305
7.505,[0.11941265],7.505,0.1043429147373819,0.08241908233696334
7.51,[0.11924931],7.51,0.10473371217085524,0.08408597382607645
7.515000000000001,[0.1191073],7.515000000000001,0.10512450960432859,0.08600326046437323
7.5200000000000005,[0.11898864],7.5200000000000005,0.10571070575453859,0.08717728292747516
7.525,[0.11889526],7.525,0.10610150318801194,0.0897013671338808
7.53,[0.11882836],7.53,0.10649230062148528,0.08486587937006533
7.535,[0.11878914],7.535,0.1070784967716953,0.09603730753219578
7.54,[0.11878011],7.54,0.1076646929219053,0.09732088642762338
7.545,[0.11880443],7.545,0.10805549035537865,0.10953808008283297
7.55,[0.11886419],7.55,0.10864168650558867,0.0990096033107106
7.555,[0.11895949],7.555,0.10922788265579866,0.10194770434257698
7.5600000000000005,[0.11909152],7.5600000000000005,0.10981407880600867,0.1163286386262679
7.565,[0.11926223],7.565,0.11020487623948202,0.10510459719124347
7.57,[0.11947109],7.57,0.1109864711064287,0.10803631804179321
7.575,[0.11971644],7.575,0.11137726853990204,0.0992328836753278
7.58,[0.11999668],7.58,0.11196346469011205,0.10579804423051424
7.585,[0.12031293],7.585,0.11274505955705873,0.12501642584936395
7.59,[0.12066731],7.59,0.11313585699053208,0.1121791580314005
7.595,[0.12105888],7.595,0.11391745185747876,0.11661056156861377
7.6000000000000005,[0.12148679],7.6000000000000005,0.11469904672442544,0.12057517978738257
7.605,[0.12195309],7.605,0.1156760403081088,0.13877221201622097
7.61,[0.1224594],7.61,0.11645763517505547,0.12080474264054228
7.615,[0.12300386],7.615,0.11723923004200215,0.12450828316640736
7.62,[0.12358473],7.62,0.11782542619221216,0.12889300208349808
7.625,[0.12420025],7.625,0.11860702105915884,0.1140979095005766
7.63,[0.12484876],7.63,0.1195840146428422,0.13856101672019822
7.635,[0.12553037],7.635,0.12036560950978886,0.12122891120142708
7.640000000000001,[0.12624319],7.640000000000001,0.12134260309347221,0.1261776480748235
7.6450000000000005,[0.12698546],7.6450000000000005,0.12231959667715558,0.13015979949783515
7.65,[0.12775723],7.65,0.12329659026083893,0.13311303209497402
7.655,[0.12855658],7.655,0.12427358384452228,0.11634795746331131
7.66,[0.12937984],7.66,0.1254459761449423,0.12248911798486477
7.665,[0.13022744],7.665,0.126813767162099,0.14529173933644116
7.67,[0.13110335],7.67,0.127986159462519,0.14292376748176483
7.675,[0.13200888],7.675,0.12935395047967568,0.14010902643571677
7.68,[0.13294113],7.68,0.13033094406335904,0.1198339420683535
7.6850000000000005,[0.13389544],7.6850000000000005,0.1313079376470424,0.12560158665019172
7.69,[0.13486961],7.69,0.1326757286641991,0.12803601005946436
7.695,[0.13586355],7.695,0.13365272224788244,0.13146065094893208
7.7,[0.136877],7.7,0.13521591198177582,0.13077836339868976
7.705,[0.13790753],7.705,0.13638830428219584,0.11114130955113023
7.71,[0.1389509],7.71,0.13756069658261585,0.11739548202241101
7.715,[0.14000338],7.715,0.13873308888303587,0.10116475231167041
7.72,[0.14106168],7.72,0.1399054811834559,0.10974116182885801
7.7250000000000005,[0.14212484],7.7250000000000005,0.14146867091734927,0.11339074060001124
7.73,[0.14319386],7.73,0.14303186065124263,0.11495407319258374
7.735,[0.14427133],7.735,0.14518124653534598,0.1312129952535758
7.74,[0.14536111],7.74,0.14693983498597601,0.12333325816414659
7.745,[0.14646422],7.745,0.14811222728639603,0.11921655928919886
7.75,[0.1475793],7.75,0.14987081573702607,0.11300531263821795
7.755,[0.1487049],7.755,0.15123860675418274,0.10921188293421735
7.76,[0.14983946],7.76,0.15280179648807612,0.10474776846962207
7.765000000000001,[0.1509814],7.765000000000001,0.15456038493870616,0.09959118850954787
7.7700000000000005,[0.15212735],7.7700000000000005,0.15612357467259955,0.07729110954456458
7.775,[0.15327252],7.775,0.15749136568975622,0.07986510719219013
7.78,[0.15441277],7.78,0.15905455542364957,0.06172622526517641
7.785,[0.15554451],7.785,0.16061774515754293,0.06597224044758546
7.79,[0.15666642],7.79,0.16179013745796297,0.070082218262897
7.795,[0.15777911],7.795,0.16335332719185633,0.07025622618676683
7.8,[0.15888302],7.8,0.16472111820901303,0.07022019064954177
7.805000000000001,[0.15997683],7.805000000000001,0.16589351050943302,0.05312288667419492
7.8100000000000005,[0.16105938],7.8100000000000005,0.16784749767679974,0.07075329605181668
7.815,[0.16213288],7.815,0.1694106874106931,0.06646283885699032
7.82,[0.16319913],7.82,0.17077847842784977,0.0632389238403503
7.825,[0.16425799],7.825,0.17214626944500647,0.06027045500362075
7.83,[0.16530931],7.83,0.1733186617454265,0.05830583398084174
7.835,[0.16635138],7.835,0.17449105404584653,0.04040906155651427
7.84,[0.16738125],7.84,0.17605424377973988,0.04148494339956096
7.845,[0.16839949],7.845,0.17742203479689655,0.0576984550803524
7.8500000000000005,[0.16940814],7.8500000000000005,0.17859442709731663,0.038312685570707564
7.855,[0.17040451],7.855,0.17957142068099996,0.02482989104131932
7.86,[0.17138641],7.86,0.18113461041489332,0.04356225162379993
7.865,[0.17235654],7.865,0.1823070027153133,0.04249484319660454
7.87,[0.17331581],7.87,0.18328399629899667,0.026671901737090033
7.875,[0.17426363],7.875,0.1844563885994167,0.045241380386933455
7.88,[0.17520252],7.88,0.18562878089983675,0.04295272809601811
7.885,[0.17613328],7.885,0.1866057744835201,0.026525925330454052
7.890000000000001,[0.17705385],7.890000000000001,0.18758276806720342,0.03064784220101298
7.8950000000000005,[0.17796265],7.8950000000000005,0.18836436293415013,0.018779280286916528
7.9,[0.17885848],7.9,0.18934135651783346,0.025142615355957562
7.905,[0.17974343],7.905,0.1905137488182535,0.04459540476549483
7.91,[0.18062244],7.91,0.19149074240193684,0.04384866025571197
7.915,[0.18149692],7.915,0.1924677359856202,0.02726116579819092
7.92,[0.18236527],7.92,0.1930539321358302,0.03343632544187499
7.925,[0.18322779],7.925,0.19403092571951355,0.03710356801513084
7.930000000000001,[0.18408492],7.930000000000001,0.19481252058646023,0.02409186664537667
7.9350000000000005,[0.18493562],7.9350000000000005,0.19559411545340694,0.03188654098733853
7.94,[0.18578234],7.94,0.19637571032035359,0.05418594564877332
7.945,[0.18663039],7.945,0.19735270390403695,0.05308623100406306
7.95,[0.18748282],7.95,0.19832969748772028,0.05239598331333942
7.955,[0.18833907],7.955,0.19911129235466699,0.03603152327566547
7.96,[0.18919867],7.96,0.19989288722161366,0.058553678923570225
7.965,[0.19006446],7.965,0.20086988080529702,0.05694069147083751
7.97,[0.19093876],7.97,0.2016514756722437,0.0567629332244463
7.9750000000000005,[0.19182349],7.9750000000000005,0.2028238679726637,0.07152732339128075
7.98,[0.19272014],7.98,0.2036054628396104,0.050146559221818134
7.985,[0.1936282],7.985,0.2043870577065571,0.06855488651770117
7.99,[0.19454708],7.99,0.20497325385676707,0.04933710589374045
7.995,[0.19547451],7.995,0.20575484872371377,0.05195798623729347
8.0,[0.19640845],8.0,0.20653644359066042,0.05415668337139311
8.005,[0.19734709],8.005,0.20731803845760713,0.03892828928356407
8.01,[0.19828717],8.01,0.2080996333245538,0.04500291464504284
8.015,[0.19922748],8.015,0.2088812281915005,0.049779194108336054
8.02,[0.20017014],8.02,0.20985822177518385,0.06843330355539738
8.025,[0.20111683],8.025,0.21063981664213055,0.04952476812534735
8.03,[0.2020657],8.03,0.21122601279234052,0.05375335781625817
8.035,[0.20301511],8.035,0.21220300637602388,0.05482250835098159
8.040000000000001,[0.20396513],8.040000000000001,0.2131799999597072,0.05555034147939753
8.045,[0.20491576],8.045,0.21396159482665392,0.05657762941220385
8.05,[0.20586689],8.05,0.2147431896936006,0.05743051319081235
8.055,[0.20681833],8.055,0.2155247845605473,0.05786746059958528
8.06,[0.2077683],8.06,0.2161109807107573,0.04340220379428374
8.065,[0.20871372],8.065,0.21689257557770397,0.04822053475925208
8.07,[0.20965344],8.07,0.21767417044465065,0.051696326819374264
8.075,[0.2105865],8.075,0.21845576531159733,0.038513118231189754
8.08,[0.21151205],8.08,0.2194327588952807,0.05892947568391787
8.085,[0.21243226],8.085,0.22040975247896405,0.05759218353176154
8.09,[0.2133489],8.09,0.22158214477938404,0.055371840652812775
8.095,[0.21426199],8.095,0.22216834092959406,0.055869977270943165
8.1,[0.21517148],8.1,0.22294993579654077,0.055653434942904416
8.105,[0.21607732],8.105,0.22373153066348742,0.055473986698026286
8.11,[0.21697946],8.11,0.22490392296390746,0.05369271758333625
8.115,[0.21787791],8.115,0.22588091654759082,0.052854879018287594
8.120000000000001,[0.2187727],8.120000000000001,0.2264671126978008,0.05396646848751888
8.125,[0.21966256],8.125,0.2272487075647475,0.039650951782029695
8.13,[0.22054509],8.13,0.2280303024316942,0.04432323653988247
8.135,[0.22141838],8.135,0.22881189729864085,0.03299438896206014
8.14,[0.22228095],8.14,0.22959349216558755,0.0401077788473636
8.145,[0.22313313],8.145,0.2303750870325342,0.0452869170356487
8.15,[0.2239754],8.15,0.2311566818994809,0.03406938040964804
8.155,[0.22480692],8.155,0.23193827676642756,0.04179406246358079
8.16,[0.22562868],8.16,0.23271987163337426,0.04727584421516741
8.165000000000001,[0.22644164],8.165000000000001,0.23330606778358423,0.03680892771016732
8.17,[0.22724537],8.17,0.23428306136726765,0.044051443358573465
8.175,[0.22804126],8.175,0.23506465623421427,0.05014366670534422
8.18,[0.22883215],8.18,0.23584625110116098,0.054599094469757116
8.185,[0.22962063],8.185,0.236432447251371,0.059171697236599145
8.19,[0.23040908],8.19,0.23740944083505436,0.06106124612731335
8.195,[0.23119964],8.195,0.2383864344187377,0.06276318041813338
8.2,[0.23199268],8.2,0.2389726305689477,0.04910288734054943
8.205,[0.2327886],8.205,0.23994962415263102,0.0716031762691772
8.21,[0.23358941],8.21,0.2409266177363144,0.05393593708523854
8.215,[0.23439522],8.215,0.24170821260326106,0.05891753895340776
8.22,[0.23520615],8.22,0.24288060490368113,0.06113197886822788
8.225,[0.23602392],8.225,0.24385759848736446,0.06306297910487156
8.23,[0.23684998],8.23,0.24483459207104782,0.06434002135391649
8.235,[0.23768715],8.235,0.24600698437146784,0.08138811124049611
8.24,[0.23853775],8.24,0.24698397795515117,0.0596489795437963
8.245000000000001,[0.23940023],8.245000000000001,0.24796097153883453,0.06091533568358997
8.25,[0.24027314],8.25,0.2487425664057812,0.0631183387769253
8.255,[0.24115677],8.255,0.24991495870620126,0.06261790864422799
8.26,[0.24205122],8.26,0.2508919522898846,0.0627766213627733
8.265,[0.24295641],8.265,0.2516735471568313,0.06384139718373805
8.27,[0.24387048],8.27,0.25245514202377795,0.047439704037690746
8.275,[0.24478843],8.275,0.2534321356074613,0.03472779283946001
8.28,[0.24570596],8.28,0.254213730474408,0.04395127838880697
8.285,[0.24662266],8.285,0.2551907240580913,0.049871818748381466
8.290000000000001,[0.24754143],8.290000000000001,0.2563631163585114,0.06959244500094133
8.295,[0.24846466],8.295,0.257144711225458,0.051368135408388166
8.3,[0.24939106],8.3,0.2581217048091414,0.05443017681949387
8.305,[0.25031945],8.305,0.25909869839282473,0.056279432679221156
8.31,[0.25125034],8.31,0.2600756919765081,0.0573193172188478
8.315,[0.25218252],8.315,0.26105268556019146,0.04118923193256691
8.32,[0.25311331],8.32,0.26222507786061144,0.04554253030849018
8.325,[0.25404208],8.325,0.2633974701610315,0.0483266167709667
8.33,[0.25497149],8.33,0.2645698624614515,0.06633349177472259
8.335,[0.25590376],8.335,0.2657422547618715,0.045335303621190995
8.34,[0.2568391],8.34,0.2667192483455549,0.06430731353921346
8.345,[0.25777765],8.345,0.2676962419292382,0.04460668853358752
8.35,[0.2587179],8.35,0.2686732355129216,0.04713141902759659
8.355,[0.25965858],8.355,0.2698456278133416,0.048084358164382925
8.36,[0.26060018],8.36,0.27121341883049827,0.047375550629407404
8.365,[0.26154314],8.365,0.2723858111309183,0.047412266444637884
8.370000000000001,[0.26248785],8.370000000000001,0.27355820343133835,0.04723487250539141
8.375,[0.26343628],8.375,0.27473059573175834,0.06367574805281781
8.38,[0.26439173],8.38,0.276098386748915,0.05756927837885408
8.385,[0.26535537],8.385,0.27746617776607174,0.05264038611548003
8.39,[0.26632822],8.39,0.2788339687832284,0.06661802473860995
8.395,[0.26731122],8.395,0.2798109623669118,0.04343583957941426
8.4,[0.26830336],8.4,0.2807879559505952,0.06106042134205824
8.405,[0.26930366],8.405,0.28176494953427844,0.039601866337669586
8.41,[0.27030961],8.41,0.28293734183469854,0.04099360389835679
8.415000000000001,[0.2713191],8.415000000000001,0.28391433541838185,0.04290392693242858
8.42,[0.27233036],8.42,0.2846959302853286,0.027553301798023722
8.425,[0.27334024],8.425,0.28567292386901194,0.03422706895142538
8.43,[0.2743479],8.43,0.28645451873595856,0.040401810462419904
8.435,[0.2753527],8.435,0.2874315123196419,0.025917626836007613
8.44,[0.27635252],8.44,0.28860390462006197,0.03349708062546622
8.445,[0.27734922],8.445,0.28997169563721864,0.056312056096830675
8.45,[0.27834627],8.45,0.2907532905041653,0.03822892055753458
8.455,[0.27934316],8.455,0.29192568280458536,0.04261468058195148
8.46,[0.2803396],8.46,0.292707277671532,0.04768679482805507
8.465,[0.28133722],8.465,0.29387966997195203,0.04991517799114789
8.47,[0.28233567],8.47,0.2948566635556354,0.03333306849770301
8.475,[0.28333287],8.475,0.29602905585605543,0.039867601015048625
8.48,[0.28432903],8.48,0.2970060494397388,0.04557427732571489
8.485,[0.28532437],8.485,0.29798304302342216,0.0303489109638715
8.49,[0.28631732],8.49,0.29896003660710546,0.039220397768775346
8.495000000000001,[0.28730852],8.495000000000001,0.2999370301907889,0.045805026690865225
8.5,[0.28830047],8.5,0.3009140237744722,0.05062358838998054
8.505,[0.28929346],8.505,0.3015002199246822,0.036322151816098235
8.51,[0.29028585],8.51,0.3026726122251022,0.04369300962150938
8.515,[0.29127823],8.515,0.3036496058087855,0.049870060632585735
8.52,[0.29227301],8.52,0.3046265993924689,0.054285289794781304
8.525,[0.29327226],8.525,0.3054081942594156,0.05837634173311481
8.53,[0.29427765],8.53,0.3065805865598356,0.059758109149821374
8.535,[0.29529056],8.535,0.30775297886025565,0.0604499683172255
8.540000000000001,[0.29631396],8.540000000000001,0.3089253711606756,0.08021290291129486
8.545,[0.29735021],8.545,0.3097069660276223,0.05720872497573131
8.55,[0.29839728],8.55,0.3106839596113057,0.05930265247849097
8.555,[0.29945331],8.555,0.31185635191172567,0.06013173804008646
8.56,[0.30051656],8.56,0.3126379467786724,0.042735784688022756
8.565,[0.30158165],8.565,0.31361494036235577,0.02943641322506712
8.57,[0.302644],8.57,0.3147873326627758,0.03926167119172289
8.575000000000001,[0.30370354],8.575000000000001,0.3161551236799325,0.04480976506945229
8.58,[0.30476208],8.58,0.3173275159803524,0.04915239796422429
8.585,[0.30582118],8.585,0.3186953069975092,0.05087201709688704
8.59,[0.30688209],8.59,0.3194769018644558,0.05443308535380443
8.595,[0.30794773],8.595,0.3208446928816125,0.0734831701811001
8.6,[0.30902044],8.6,0.3220170851820326,0.049380374049430104
8.605,[0.31009838],8.605,0.32318947748245264,0.0511662767870504
8.61,[0.31117993],8.61,0.3239710723493993,0.05452754769417903
8.615,[0.31226369],8.615,0.32514346464981925,0.035965626249447685
8.620000000000001,[0.31334663],8.620000000000001,0.3263158569502393,0.042268559196474015
8.625,[0.31442806],8.625,0.32748824925065934,0.04691595405161741
8.63,[0.31550943],8.63,0.328269844117606,0.05220284850873846
8.635,[0.3165901],8.635,0.32983303385149937,0.0328005052268805
8.64,[0.31766774],8.64,0.330614628718446,0.04243452972983605
8.645,[0.31874445],8.645,0.3319824197356028,0.06756719211359735
8.65,[0.31982609],8.65,0.33335021075275945,0.06495027166607675
8.655,[0.32091374],8.655,0.3343272043364428,0.04432569815940082
8.66,[0.32200433],8.66,0.33549959663686285,0.04982704173417757
8.665000000000001,[0.32309743],8.665000000000001,0.3366719889372828,0.05420286732718274
8.67,[0.32419687],8.67,0.3382351786711762,0.07657928827491768
8.675,[0.32530599],8.675,0.3390167735381229,0.05425113622514356
8.68,[0.32642352],8.68,0.34018916583854286,0.05829359670313376
8.685,[0.32754843],8.685,0.34136155813896296,0.06167767532443312
8.69,[0.32868203],8.69,0.34253395043938295,0.0643452639837419
8.695,[0.32982543],8.695,0.3435109440230663,0.06753571249865856
8.700000000000001,[0.33097962],8.700000000000001,0.34487873504022304,0.06852948413892895
8.705,[0.33214547],8.705,0.3462465260573797,0.06935458083726438
8.71,[0.33332152],8.71,0.347223519641063,0.04946368747958395
8.715,[0.3345043],8.715,0.34839591194148306,0.05740239270833783
8.72,[0.33569313],8.72,0.34956830424190305,0.06360666972534336
8.725,[0.33688746],8.725,0.3507406965423231,0.04502870178189682
8.73,[0.33808459],8.73,0.3519130888427431,0.05539185306274568
8.735,[0.33928231],8.735,0.3530854811431631,0.03941321398796873
8.74,[0.34048113],8.74,0.3544532721603198,0.07449783971274541
8.745000000000001,[0.34168622],8.745000000000001,0.3560164618942132,0.0752355845310383
8.75,[0.34290205],8.75,0.3573842529113699,0.07643041936444649
8.755,[0.3441277],8.755,0.3583612464950532,0.055585584772500564
8.76,[0.34536244],8.76,0.3599244362289466,0.085982645100689
8.765,[0.34660796],8.765,0.36109682852936664,0.06195616188449208
8.77,[0.34786325],8.77,0.3624646195465233,0.0678606729638682
8.775,[0.34912737],8.775,0.36383241056368,0.07193199939011796
8.78,[0.35040188],8.78,0.36500480286410003,0.07577298488572788
8.785,[0.35168554],8.785,0.36617719516452,0.05450081216586285
8.790000000000001,[0.35297719],8.790000000000001,0.3675449861816767,0.08643601525348743
8.795,[0.35427816],8.795,0.3689127771988334,0.06151268892104018
8.8,[0.35558702],8.8,0.3700851694992534,0.06815411152067903
8.805,[0.35690244],8.805,0.37145296051641014,0.07230875890341751
8.81,[0.35822563],8.81,0.37301615025030344,0.07415803338073881
8.815,[0.35955753],8.815,0.3741885425507235,0.07707044387015001
8.82,[0.36089642],8.82,0.37555633356788015,0.05454604295785254
8.825000000000001,[0.36223838],8.825000000000001,0.37711952330177356,0.061626409288224354
8.83,[0.36358245],8.83,0.37848731431893023,0.06743269880154683
8.835,[0.36492779],8.835,0.37965970661935033,0.048019130957199264
8.84,[0.36627126],8.84,0.3814182950699803,0.05573341558694459
8.845,[0.36761256],8.845,0.38278608608713705,0.062354952322846026
8.85,[0.36895378],8.85,0.3841538771042937,0.0666143574741969
8.855,[0.37029887],8.855,0.38630326298839707,0.08752673533009844
8.86,[0.37165092],8.86,0.3876710540055538,0.059181545171093315
8.865,[0.37300755],8.865,0.38884344630597373,0.062152895838314313
8.870000000000001,[0.37436639],8.870000000000001,0.3900158386063938,0.06311180520483885
8.875,[0.37572507],8.875,0.3913836296235505,0.04032269147402892
8.88,[0.37708109],8.88,0.3933376167909172,0.0631371002068994
8.885,[0.3784362],8.885,0.3947054078080739,0.05892029916318653
8.89,[0.3797914],8.89,0.3960731988252306,0.0544934612375193
8.895,[0.38114111],8.895,0.39724559112565055,0.05532621844406555
8.9,[0.38247838],8.9,0.39900417957628065,0.06791232778642514
8.905,[0.38380295],8.905,0.40056736931017395,0.05689567922388905
8.91,[0.38511808],8.91,0.40232595776080404,0.06371360161006832
8.915000000000001,[0.38642422],8.915000000000001,0.4036937487779607,0.033713265269260134
8.92,[0.38771795],8.92,0.4052569385118541,0.027390117500705656
8.925,[0.38899758],8.925,0.4068201282457474,0.03718459025946055
8.93,[0.39026456],8.93,0.4081879192629041,0.026694217540444626
8.935,[0.39151655],8.935,0.4095557102800608,0.001872343560422506
8.94,[0.39274736],8.94,0.41092350129721755,-0.009136867102155914
8.945,[0.39395234],8.945,0.4122912923143742,-0.010803240930545688
8.950000000000001,[0.39512958],8.950000000000001,0.41365908333153095,-0.013988496267093128
8.955,[0.39627789],8.955,0.41463607691521426,-0.01658057460915536
8.96,[0.39739596],8.96,0.4154176717821609,-0.01858386957707559
8.965,[0.3984815],8.965,0.4163946653658443,-0.03242335798373575
8.97,[0.39953152],8.97,0.4169808615160543,-0.030277425567783067
8.975,[0.40054452],8.975,0.417762456383001,-0.029978217150302622
8.98,[0.4015203],8.98,0.41834865253321096,-0.02954860875366565
8.985,[0.40245864],8.985,0.41893484868342096,-0.029883055622995144
8.99,[0.40335935],8.99,0.41932564611689427,-0.029778531537844394
8.995000000000001,[0.40422225],8.995000000000001,0.419521044833631,-0.029114662821417822
9.0,[0.40504714],9.0,0.4197164435503677,-0.029186798245255108
9.005,[0.40583331],9.005,0.4197164435503677,-0.034011452155917464
9.01,[0.40658011],9.01,0.4197164435503677,-0.026696876124055684
9.015,[0.40728762],9.015,0.4197164435503677,-0.031063752301754653
9.02,[0.40795562],9.02,0.4197164435503677,-0.029555427307909235
9.025,[0.40858428],9.025,0.4197164435503677,-0.02518318260106357
9.03,[0.40917461],9.03,0.4197164435503677,-0.025330788306869752
9.035,[0.40972711],9.035,0.419521044833631,-0.026843524279813104
9.040000000000001,[0.41024172],9.040000000000001,0.41932564611689427,-0.027036386988316508
9.045,[0.41071909],9.045,0.4191302474001577,-0.02105883587438182
9.05,[0.41116066],9.05,0.41893484868342096,-0.021116018676440397
9.055,[0.41156792],9.055,0.4185440512499477,-0.016578350077792958
9.06,[0.41194273],9.06,0.41834865253321096,-0.011859118514594943
9.065,[0.41228753],9.065,0.41815325381647434,-0.0082324517437129
9.07,[0.41260487],9.07,0.4175670576662643,-0.002257186037699953
9.075000000000001,[0.4128978],9.075000000000001,0.41717626023279103,0.007182879185952864
9.08,[0.4131699],9.08,0.4169808615160543,0.010982006161189545
9.085,[0.41342446],9.085,0.41678546279931766,0.01509751882454466
9.09,[0.41366394],9.09,0.4165900640825809,0.014041784741143115
9.095,[0.41389039],9.095,0.4165900640825809,0.01831828478573793
9.1,[0.41410641],9.1,0.4163946653658443,0.023206931637581238
9.105,[0.41431497],9.105,0.4163946653658443,0.026571368438699373
9.11,[0.41451885],9.11,0.4163946653658443,0.02936457801210855
9.115,[0.41472056],9.115,0.4163946653658443,0.0313363599025022
9.120000000000001,[0.41492228],9.120000000000001,0.4163946653658443,0.0328813140964894
9.125,[0.41512582],9.125,0.4165900640825809,0.03294010087456154
9.13,[0.41533259],9.13,0.4165900640825809,0.033577235621689086
9.135,[0.41554312],9.135,0.4165900640825809,0.028251885201867336
9.14,[0.41575803],9.14,0.41678546279931766,0.03849163350465549
9.145,[0.41597877],9.145,0.4169808615160543,0.03298415569525203
9.15,[0.41620512],9.15,0.41717626023279103,0.025335491359535202
9.155,[0.41643531],9.155,0.4173716589495276,0.023221395863559275
9.16,[0.41666794],9.16,0.4175670576662643,0.020524108657205848
9.165000000000001,[0.41690171],9.165000000000001,0.417762456383001,0.01710577093639221
9.17,[0.41713501],9.17,0.41815325381647434,0.012245147821456553
9.175,[0.41736593],9.175,0.41834865253321096,0.00805609516628373
9.18,[0.41759238],9.18,0.4185440512499477,0.0035492688091486365
9.185,[0.41781208],9.185,0.41873944996668433,-0.0008711357626553596
9.19,[0.41802253],9.19,0.4191302474001577,-0.008674957495726665
9.195,[0.4182212],9.195,0.41932564611689427,-0.010848313021196468
9.200000000000001,[0.41840623],9.200000000000001,0.41932564611689427,-0.01166596326442863
9.205,[0.41857607],9.205,0.419521044833631,-0.016594492735706606
9.21,[0.41872841],9.21,0.419521044833631,-0.024906466586010267
9.215,[0.41885983],9.215,0.419521044833631,-0.03369369523733557
9.22,[0.41896748],9.22,0.419521044833631,-0.030299904698287913
9.225,[0.41904939],9.225,0.41932564611689427,-0.04069282702108892
9.23,[0.4191029],9.23,0.4191302474001577,-0.043154299661375954
9.235,[0.41912552],9.235,0.4191302474001577,-0.047173367764490076
9.24,[0.4191164],9.24,0.41893484868342096,-0.04120467966465896
9.245000000000001,[0.41907461],9.245000000000001,0.4185440512499477,-0.05630875957029002
9.25,[0.41899847],9.25,0.41834865253321096,-0.04847403129117357
9.255,[0.41888532],9.255,0.417762456383001,-0.07657323377142206
9.26,[0.41873163],9.26,0.41717626023279103,-0.06194256108477108
9.265,[0.41853668],9.265,0.41678546279931766,-0.06538704794648309
9.27,[0.41830097],9.27,0.4165900640825809,-0.06956930022860307
9.275,[0.4180239],9.275,0.41600386793237093,-0.07165795937810986
9.28,[0.41770519],9.28,0.41522227306542425,-0.07211071717541459
9.285,[0.41734495],9.285,0.41463607691521426,-0.07340993260961214
9.290000000000001,[0.41694494],9.290000000000001,0.4140498807650042,-0.05972253513814333
9.295,[0.4165071],9.295,0.4132682858980576,-0.0776706165177567
9.3,[0.41603083],9.3,0.41248669103111085,-0.07568355503218714
9.305,[0.41551609],9.305,0.4117050961641642,-0.07390532058243483
9.31,[0.41496468],9.31,0.41092350129721755,-0.07207598719977829
9.315,[0.41437996],9.315,0.4103373051470075,-0.05711449731022579
9.32,[0.41376659],9.32,0.4093603115633242,-0.05881598146745809
9.325000000000001,[0.41312626],9.325000000000001,0.4081879192629041,-0.07238694067928435
9.33,[0.41245814],9.33,0.4074063243959575,-0.06899171940438653
9.335,[0.41176329],9.335,0.4066247295290108,-0.06631784640635555
9.34,[0.41104559],9.34,0.40545233722859075,-0.048313295886174445
9.345,[0.41030997],9.345,0.40486614107838076,-0.05183016523449539
9.35,[0.40955951],9.35,0.4038891474946974,-0.05271908137812725
9.355,[0.408797],9.355,0.4031075526277507,-0.039844659757893856
9.36,[0.40802628],9.36,0.4021305590440673,-0.0438221701049978
9.365,[0.40724938],9.365,0.401153565460384,-0.04637047297523557
9.370000000000001,[0.40646678],9.370000000000001,0.4003719705934373,-0.04902118771508495
9.375,[0.40567885],9.375,0.3991995782930173,-0.04936365954966991
9.38,[0.40488719],9.38,0.39822258470933397,-0.03578248748919845
9.385,[0.4040944],9.385,0.3974409898423873,-0.04231899425901637
9.39,[0.40329948],9.39,0.39626859754196725,-0.06210119458826895
9.395,[0.40249989],9.395,0.3952916039582839,-0.0458605331970903
9.4,[0.40169603],9.4,0.3941192116578639,-0.05043477072162678
9.405,[0.40088775],9.405,0.3933376167909172,-0.056722457185742294
9.41,[0.4000729],9.41,0.39216522449049723,-0.06109477388099621
9.415000000000001,[0.39924904],9.415000000000001,0.39099283219007713,-0.06556678671646739
9.42,[0.39841151],9.42,0.38982043988965714,-0.09061150928611134
9.425,[0.39755582],9.425,0.38903884502271047,-0.07088384741943905
9.43,[0.39667939],9.43,0.38747565528881706,-0.09777024839297531
9.435,[0.39577954],9.435,0.38630326298839707,-0.0754593359249862
9.44,[0.39485347],9.44,0.3847400732545037,-0.10533088414958244
9.445,[0.39389582],9.445,0.3831768835206103,-0.10507402141968931
9.450000000000001,[0.39290161],9.450000000000001,0.3818090925034536,-0.10634455159719464
9.455,[0.39186866],9.455,0.3800505040528236,-0.10670783694169374
9.46,[0.39079489],9.46,0.3786827130356669,-0.10963982001219291
9.465,[0.38967834],9.465,0.37711952330177356,-0.11205746979540773
9.47,[0.3885172],9.47,0.3757517322846169,-0.11569890180011205
9.475,[0.38730985],9.475,0.37399314383398685,-0.11755266055752896
9.48,[0.38605493],9.48,0.3726253528168302,-0.121019857507266
9.485,[0.38475139],9.485,0.37106216308293677,-0.12331071555746836
9.49,[0.38339856],9.49,0.3696943720657801,-0.12628715504496288
9.495000000000001,[0.38199941],9.495000000000001,0.3681311823318867,-0.09867903901554985
9.5,[0.38055682],9.5,0.3655909990143101,-0.13258516809124946
9.505,[0.37906725],9.505,0.36383241056368,-0.13015596485157527
9.51,[0.37752831],9.51,0.36187842339631326,-0.12680893135629648
9.515,[0.37594185],9.515,0.3599244362289466,-0.12357560250427382
9.52,[0.37431024],9.52,0.3583612464950532,-0.12229257973081882
9.525,[0.37263629],9.525,0.3564072593276865,-0.11895357954048837
9.53,[0.37092021],9.53,0.3538670760101098,-0.1380948939833151
9.535,[0.36916615],9.535,0.35230388627621645,-0.13873827659705879
9.540000000000001,[0.36738756],9.540000000000001,0.34995910167537636,-0.1252535348473628
9.545,[0.36559353],9.545,0.3482005132247464,-0.11623918409593356
9.55,[0.36378363],9.55,0.3458557286239063,-0.12928517863646716
9.555,[0.36195556],9.555,0.34331554530632963,-0.11152370331926033
9.56,[0.36011373],9.56,0.3411661594222262,-0.07392542471158817
9.565,[0.35826547],9.565,0.3388213748213862,-0.09263368272218078
9.57,[0.35641228],9.57,0.3364765902205462,-0.08008040873786423
9.575000000000001,[0.35455603],9.575000000000001,0.3343272043364428,-0.06986429500683104
9.58,[0.35270388],9.58,0.3327640146025494,-0.0408330016434441
9.585,[0.35086467],9.585,0.33022383128497274,-0.03811017627553139
9.59,[0.34904596],9.59,0.3284652428343427,-0.014839650844393985
9.595,[0.34725413],9.595,0.3263158569502393,-0.01908117312055722
9.6,[0.34548779],9.6,0.32338487619918926,-0.059698173823053195
9.605,[0.34374347],9.605,0.3216262877485592,-0.06015884962329581
9.61,[0.34202496],9.61,0.3194769018644558,-0.06637956679355456
9.615,[0.34033328],9.615,0.31693671854687916,-0.04796766557309606
9.620000000000001,[0.33866694],9.620000000000001,0.3151781300962491,-0.03619654075800028
9.625,[0.33702885],9.625,0.31361494036235577,-0.007687261934268666
9.63,[0.33542339],9.63,0.31185635191172567,-0.006644264435189604
9.635,[0.33385185],9.635,0.3095115673108857,-0.0027060592553506276
9.64,[0.33231294],9.64,0.3079483775769923,-0.002387056155120502
9.645,[0.33080516],9.645,0.30618978912636224,-0.0013616755546353662
9.65,[0.32932682],9.65,0.3046265993924689,-0.0013742829607230054
9.655,[0.327876],9.655,0.3028680109418389,-0.000742130466853003
9.66,[0.32645271],9.66,0.30130482120794555,0.02029064537924121
9.665000000000001,[0.32505854],9.665000000000001,0.30032782762426213,0.01056317032319796
9.67,[0.32369219],9.67,0.29896003660710546,0.0038742622619671683
9.675,[0.32234985],9.675,0.2977876443066855,-0.0026141846376301495
9.68,[0.32102771],9.68,0.29661525200626543,-0.008306217591040832
9.685,[0.31972198],9.685,0.29563825842258207,-0.014948925193412094
9.69,[0.3184312],9.69,0.2948566635556354,0.0014922697587775274
9.695,[0.31715364],9.695,0.2942704674054254,-0.036530224778727985
9.700000000000001,[0.31588269],9.700000000000001,0.2934888725384787,-0.04152660462938961
9.705,[0.31461478],9.705,0.2930980751050054,-0.024542145374456183
9.71,[0.31335137],9.71,0.2923164802380587,-0.03656921224866465
9.715,[0.31209102],9.715,0.2917302840878486,-0.04761734217117285
9.72,[0.31082736],9.72,0.290948689220902,-0.08005560145451823
9.725,[0.30955487],9.725,0.29036249307069195,-0.056962481504659275
9.73,[0.30827389],9.73,0.28977629692048196,-0.06573096908665933
9.735,[0.30698475],9.735,0.28919010077027196,-0.07325301148048134
9.74,[0.30568785],9.74,0.28860390462006197,-0.054546310369444836
9.745000000000001,[0.30438618],9.745000000000001,0.28782230975311524,-0.06600668720439791
9.75,[0.30307749],9.75,0.2868453161694319,-0.0968351782947676
9.755,[0.30175765],9.755,0.2862591200192219,-0.07337974115498833
9.76,[0.30042844],9.76,0.2854775251522752,-0.07931939727866841
9.765,[0.29909181],9.765,0.2845005315685919,-0.0826371983476217
9.77,[0.29774746],9.77,0.28352353798490854,-0.0842682995670046
9.775,[0.29639784],9.775,0.2827419431179618,-0.06336738350449979
9.78,[0.29504558],9.78,0.28176494953427844,-0.09154439785163428
9.785,[0.29368893],9.785,0.28039715851712177,-0.08688232338739953
9.790000000000001,[0.292327],9.790000000000001,0.27942016493343846,-0.08377804349232176
9.795,[0.29096379],9.795,0.2784431713497551,-0.060848821845583295
9.8,[0.28960323],9.8,0.27746617776607174,-0.0835785891315558
9.805,[0.28824704],9.805,0.27629378546565175,-0.059513627758063944
9.81,[0.28689888],9.81,0.2751213931652317,-0.06040112428427055
9.815,[0.28556215],9.815,0.27414439958154835,-0.06205322220124882
9.82,[0.28423638],9.82,0.272581209847655,-0.07584510444836391
9.825000000000001,[0.2829215],9.825000000000001,0.27160421626397163,-0.052622683749837945
9.83,[0.28162121],9.83,0.27023642524681496,-0.0508272951499637
9.835,[0.28033882],9.835,0.26886863422965823,-0.04810968953556657
9.84,[0.27907566],9.84,0.2678916406459749,-0.04685162676020575
9.845,[0.27783449],9.845,0.26691464706229157,-0.029906081206281687
9.85,[0.27662054],9.85,0.2657422547618715,-0.016712282007784067
9.855,[0.27543677],9.855,0.26437446374471485,-0.03565448333843766
9.86,[0.2742813],9.86,0.2632020714442948,-0.033737929876502024
9.865,[0.27315257],9.865,0.26183428042713813,-0.030076756422937417
9.870000000000001,[0.27205192],9.870000000000001,0.2606618881267181,-0.013910426188810627
9.875,[0.27098168],9.875,0.2594894958262981,-0.014930159065375675
9.88,[0.26994243],9.88,0.25870790095935137,-0.016584813688309927
9.885,[0.26893328],9.885,0.2575355086589314,-0.01520874642819367
9.89,[0.26795339],9.89,0.2561677176417747,-0.012278246438314181
9.895,[0.26700193],9.895,0.2551907240580913,-0.010918768311532384
9.9,[0.26607802],9.9,0.2540183317576713,-0.008681292540564172
9.905,[0.26517969],9.905,0.25265054074051463,-0.01645380363420665
9.91,[0.26430402],9.91,0.2514781484400946,-0.010662046301776931
9.915000000000001,[0.26345045],9.915000000000001,0.2510873510066213,0.0013104183818272005
9.92,[0.26261927],9.92,0.24991495870620126,-0.009676390254017442
9.925,[0.26180832],9.925,0.24893796512251787,-0.006729162042518095
9.93,[0.26101657],9.93,0.24815637025557122,0.00593017962574201
9.935,[0.26024494],9.935,0.2475701741053612,0.0022982381932149286
9.94,[0.25949175],9.94,0.24698397795515117,-0.012478595945020488
9.945,[0.25875423],9.945,0.24659318052167786,-0.0014223290730397777
9.950000000000001,[0.25803192],9.950000000000001,0.2462023830882045,-0.005744313956279732
9.955,[0.25732421],9.955,0.24600698437146784,-0.0109372783818701
9.96,[0.25662819],9.96,0.24581158565473116,-0.02739483508337567
9.965,[0.25594123],9.965,0.2456161869379945,-0.016582190742182087
9.97,[0.25526319],9.97,0.24542078822125782,-0.02143409160614182
9.975,[0.2545939],9.975,0.24542078822125782,-0.026414003595890644
9.98,[0.25393109],9.98,0.24522538950452114,-0.040894842470405576
9.985,[0.25327289],9.985,0.2450299907877845,-0.02912758655348864
9.99,[0.25261996],9.99,0.24483459207104782,-0.03186177415664732
9.995000000000001,[0.25197394],9.995000000000001,0.24444379463757446,-0.022336849167868374
10.0,[0.25133539],10.0,0.24405299720410112,-0.03556535566120028
10.005,[0.25070399],10.005,0.24385759848736446,-0.025566134803033904
10.01,[0.25007972],10.01,0.24327140233715447,-0.034385817820666936
10.015,[0.24945333],10.015,0.24288060490368113,-0.12251877886379943
10.02,[0.24880655],10.02,0.2422944087534711,-0.11452654647236588
10.025,[0.24813278],10.025,0.24170821260326106,-0.07896701666570768
10.03,[0.24743881],10.03,0.24131741516978775,-0.058770400542867154
10.035,[0.24673321],10.035,0.24053582030284107,-0.03648892011268261
10.040000000000001,[0.24602344],10.040000000000001,0.2397542254358944,-0.02759826012852352
10.045,[0.2453153],10.045,0.2389726305689477,-0.01861028875549918
10.05,[0.24461386],10.05,0.2383864344187377,-0.009003886373835375
10.055,[0.24392469],10.055,0.23780023826852767,0.0025616050629446692
10.06,[0.24325374],10.06,0.2368232446848443,0.014348291518506941
10.065,[0.24260695],10.065,0.2360416498178977,0.027135431732742812
10.07,[0.24199075],10.07,0.23526005495095098,0.04444651168624738
10.075000000000001,[0.2414115],10.075000000000001,0.23486925751747764,0.04838454752576573
10.08,[0.24087432],10.08,0.23428306136726765,0.059495442138971545
10.085,[0.24038492],10.085,0.23408766265053094,0.0775573898875598
10.09,[0.23994898],10.09,0.2336968652170576,0.0752950960019989
10.095,[0.23956988],10.095,0.23350146650032094,0.08391489387462309
10.1,[0.23925068],10.1,0.23330606778358423,0.09228685777995085
10.105,[0.23899482],10.105,0.2331106690668476,0.09991438281397541
10.11,[0.23880515],10.11,0.2331106690668476,0.10608463768186945
10.115,[0.2386839],10.115,0.2331106690668476,0.11191788791927462
10.120000000000001,[0.23863272],10.120000000000001,0.2331106690668476,0.11768790304261663
10.125,[0.23865261],10.125,0.2331106690668476,0.12270280419121905
10.13,[0.23874541],10.13,0.2331106690668476,0.14318691181553822
10.135,[0.23891203],10.135,0.23330606778358423,0.12536847803757895
10.14,[0.23914933],10.14,0.23330606778358423,0.12947370551216708
10.145,[0.2394522],10.145,0.23330606778358423,0.11723240430227488
10.15,[0.23981654],10.15,0.23350146650032094,0.13607014742225065
10.155,[0.24023942],10.155,0.23350146650032094,0.1256319438345998
10.16,[0.24070877],10.16,0.2336968652170576,0.0450418670558054
10.165000000000001,[0.24120507],10.165000000000001,0.23389226393379428,0.06521814400862784
10.17,[0.2417178],10.17,0.23389226393379428,0.06955311679056503
10.175,[0.24224361],10.175,0.23389226393379428,0.0833203278246029
10.18,[0.24277879],10.18,0.23408766265053094,0.07699707551879013
10.185,[0.24331833],10.185,0.23389226393379428,0.07778764330114317
10.19,[0.24385644],10.19,0.23408766265053094,0.07159760402810521
10.195,[0.24438738],10.195,0.23408766265053094,0.0686367372689497
10.200000000000001,[0.24490558],10.200000000000001,0.23408766265053094,0.06419774641819566
10.205,[0.24540592],10.205,0.23408766265053094,0.0622215915686242
10.21,[0.24588384],10.21,0.23389226393379428,0.05942760686147191
10.215,[0.24633474],10.215,0.23389226393379428,0.05195108756686532
10.22,[0.2467544],10.22,0.23408766265053094,0.05196798466146024
10.225,[0.24713969],10.225,0.23408766265053094,0.04789374988321451
10.23,[0.24748786],10.23,0.23389226393379428,0.04464884147020819
10.235,[0.24779612],10.235,0.23389226393379428,0.040695785851847764
10.24,[0.24806278],10.24,0.23389226393379428,0.043819493988718865
10.245000000000001,[0.24828641],10.245000000000001,0.23389226393379428,0.030684033082587547
10.25,[0.24846536],10.25,0.23389226393379428,0.0356987387268865
10.255,[0.24859914],10.255,0.23408766265053094,0.029424555580903712
10.26,[0.24868753],10.26,0.23389226393379428,0.025541429130106576
10.265,[0.24872976],10.265,0.23389226393379428,0.020851720001768003
10.27,[0.24872445],10.27,0.23389226393379428,0.005986704869954328
10.275,[0.24867064],10.275,0.23389226393379428,0.015137679298644591
10.28,[0.24856972],10.28,0.23389226393379428,0.00977524522964713
10.285,[0.24842415],10.285,0.23389226393379428,0.01627637009168891
10.290000000000001,[0.24823522],10.290000000000001,0.23389226393379428,-0.004009872032181158
10.295,[0.24800322],10.295,0.23389226393379428,0.004515974773047423
10.3,[0.24772981],10.3,0.23389226393379428,-0.003040357672204073
10.305,[0.24741657],10.305,0.2336968652170576,-0.009053035181940934
10.31,[0.24706385],10.31,0.2336968652170576,-0.01559752638632139
10.315,[0.24667344],10.315,0.2336968652170576,-0.0074363689088125
10.32,[0.24624836],10.32,0.23350146650032094,-0.016119815012528165
10.325000000000001,[0.24578862],10.325000000000001,0.23330606778358423,-0.038574283380367516
10.33,[0.24529156],10.33,0.23291527035011095,-0.040243513510798454
10.335,[0.24475491],10.335,0.2323290741999009,-0.05725114673186569
10.34,[0.24417518],10.34,0.23154747933295422,-0.06985112929275
10.345,[0.24355109],10.345,0.23096128318274423,-0.04732002947227256
10.35,[0.24288812],10.35,0.2305704857492709,-0.032176542100223623
10.355,[0.24219114],10.355,0.22959349216558755,-0.05372354999384327
10.36,[0.24146129],10.36,0.2286164985819042,-0.03457807295893464
10.365,[0.24070141],10.365,0.22763950499822086,-0.03845889226321744
10.370000000000001,[0.23991403],10.370000000000001,0.2266625114145375,-0.04157886880779496
10.375,[0.23909796],10.375,0.22549011911411745,-0.06093747210590455
10.38,[0.23825236],10.38,0.22431772681369744,-0.037676070629772775
10.385,[0.23737843],10.385,0.2225591383630674,-0.05551210536553748
10.39,[0.23647733],10.39,0.22158214477938404,-0.03341698263863672
10.395,[0.23555206],10.395,0.22021435376222737,-0.03490493474895641
10.4,[0.23460533],10.4,0.218651164028334,-0.03451226665856368
10.405,[0.23363775],10.405,0.21689257557770397,-0.03244786685019887
10.41,[0.23264998],10.41,0.21493858841033725,-0.028974434562356162
10.415000000000001,[0.23164089],10.415000000000001,0.21278920252623387,-0.04321772618438574
10.42,[0.23060974],10.42,0.21122601279234052,-0.016101260986726026
10.425,[0.22955995],10.425,0.20966282305844713,-0.015347213052771086
10.43,[0.22849467],10.43,0.20790423460781715,-0.012833284364897763
10.435,[0.22741299],10.435,0.2055594500069771,-0.026181701647840606
10.44,[0.22631438],10.44,0.20399626027308376,0.0010434741431716726
10.445,[0.22520247],10.445,0.2016514756722437,0.006177937832694258
10.450000000000001,[0.22408058],10.450000000000001,0.19989288722161366,0.008612054654810849
10.455,[0.22295167],10.455,0.198525096204457,0.029047999981685713
10.46,[0.22181842],10.46,0.19676650775382695,0.0074423888768624
10.465,[0.22067953],10.465,0.19481252058646023,0.01316988619016376
10.47,[0.21953587],10.47,0.19344472956930353,0.03481066689023713
10.475,[0.21839203],10.475,0.1916861411186735,0.03342034257879899
10.48,[0.21725013],10.48,0.19012295138478016,0.03241029942795408
10.485,[0.2161102],10.485,0.18875516036762346,0.03149799680774354
10.49,[0.21497414],10.49,0.1873873693504668,0.04974013746927593
10.495000000000001,[0.21384357],10.495000000000001,0.18582417961657338,0.02722683792808278
10.5,[0.21271813],10.5,0.18465178731615337,0.046499308122537976
10.505,[0.21159926],10.505,0.18347939501573338,0.04223341888342339
10.51,[0.2104865],10.51,0.1823070027153133,0.02127267032268511
10.515,[0.20937768],10.515,0.18113461041489332,0.0423466843221831
10.52,[0.20827621],10.52,0.18015761683120995,0.05681962019563764
10.525,[0.20718666],10.525,0.1791806232475266,0.048940803484206236
10.53,[0.20610942],10.53,0.1780082309471066,0.04411607667556307
10.535,[0.20504135],10.535,0.1766404399299499,0.024698050954038556
10.540000000000001,[0.2039798],10.540000000000001,0.17585884506300323,0.043500887482153555
10.545,[0.2029259],10.545,0.1748818514793199,0.04020333299909127
10.55,[0.20188063],10.55,0.17390485789563648,0.03807952718089086
10.555,[0.20084318],10.555,0.17292786431195314,0.036777944943011585
10.56,[0.19981292],10.56,0.1719508707282698,0.03605113306945186
10.565,[0.19878937],10.565,0.17097387714458645,0.035878153967970325
10.57,[0.19777378],10.57,0.17038768099437648,0.05021351820442576
10.575000000000001,[0.19676872],10.575000000000001,0.16960608612742978,0.044796353457550696
10.58,[0.19577486],10.58,0.16901988997721973,0.039988074123272745
10.585,[0.19479273],10.585,0.1682382951102731,0.05318059362767353
10.59,[0.19382282],10.59,0.16765209896006306,0.03054676497899757
10.595,[0.19286268],10.595,0.1668705040931164,0.030867506440554183
10.6,[0.19191031],10.6,0.16628430794290636,0.030512168318333272
10.605,[0.19096561],10.605,0.1655027130759597,0.030650888732102297
10.61,[0.19002849],10.61,0.16491651692574968,0.030423079465428986
10.615,[0.18910035],10.615,0.16452571949227635,0.04339297850131103
10.620000000000001,[0.18818383],10.620000000000001,0.164134922058803,0.038044815278403366
10.625,[0.18727986],10.625,0.163548725908593,0.03492176503797776
10.63,[0.18638791],10.63,0.162962529758383,0.03261600165623301
10.635,[0.18550761],10.635,0.16237633360817297,0.03141319404075708
10.64,[0.1846387],10.64,0.16218093489143628,0.02884649990233901
10.645,[0.18378107],10.645,0.16159473874122632,0.028106700606368735
10.65,[0.18293579],10.65,0.16120394130775295,0.03953327505338609
10.655,[0.18210497],10.655,0.16061774515754293,0.035752455776804706
10.66,[0.18128922],10.66,0.16022694772406962,0.03227632846119214
10.665000000000001,[0.18048678],10.665000000000001,0.15964075157385957,0.01902375747857063
10.67,[0.17969616],10.67,0.1594453528571229,0.03082524981994498
10.675,[0.17891829],10.675,0.15905455542364957,0.028560274978465618
10.68,[0.17815397],10.68,0.1586637579901762,0.026404652740412454
10.685,[0.17740375],10.685,0.1582729605567029,0.03592176312024086
10.69,[0.17666906],10.69,0.15807756183996624,0.0302344136168112
10.695,[0.17595099],10.695,0.15768676440649287,0.03745899801284737
10.700000000000001,[0.17525027],10.700000000000001,0.15729596697301954,0.031656927411038496
10.705,[0.17456647],10.705,0.15710056825628288,0.026606615133665912
10.71,[0.17389908],10.71,0.15690516953954617,0.03283220655291517
10.715,[0.17324755],10.715,0.15651437210607286,0.017149586509511074
10.72,[0.17261029],10.72,0.1563189733893362,0.02544480206733991
10.725,[0.17198682],10.725,0.15592817595586284,0.02190955440969505
10.73,[0.17137664],10.73,0.15573277723912618,0.0181443351776786
10.735,[0.1707774],10.735,0.15534197980565284,0.00645918733730993
10.74,[0.17018707],10.74,0.15514658108891616,0.01672448259151403
10.745000000000001,[0.1696057],10.745000000000001,0.15475578365544285,0.014880367700144389
10.75,[0.16903327],10.75,0.15456038493870616,0.012458130537371635
10.755,[0.16846881],10.755,0.15416958750523282,0.011482276897607837
10.76,[0.16791233],10.76,0.15397418878849614,0.01877440286055904
10.765,[0.16736464],10.765,0.15377879007175946,0.014505719825941886
10.77,[0.1668247],10.77,0.1535833913550228,0.0019714920395292866
10.775,[0.16628987],10.775,0.1531925939215495,0.002831414056292798
10.78,[0.16575961],10.78,0.1529971952048128,0.011633735608004916
10.785,[0.16523511],10.785,0.15280179648807612,0.008422976516269762
10.790000000000001,[0.16471734],10.790000000000001,0.15260639777133944,0.014681395523239237
10.795,[0.16420789],10.795,0.1524109990546028,0.018793446642484456
10.8,[0.16370801],10.8,0.15182480290439276,0.01438658407430413
10.805,[0.16321625],10.805,0.15143400547091945,0.0018751520274198153
10.81,[0.16272973],10.81,0.15123860675418274,0.0009498595886789285
10.815,[0.16224682],10.815,0.1510432080374461,7.57348527176447e-05
10.82,[0.16176698],10.82,0.15084780932070943,-0.0007435795728760558
10.825000000000001,[0.16128976],10.825000000000001,0.15065241060397278,-0.0015601954847901162
10.83,[0.16081481],10.83,0.1502616131704994,-0.00145672428438308
10.835,[0.1603426],10.835,0.15006621445376275,0.005783245858608108
10.84,[0.15987504],10.84,0.14987081573702607,0.010538909704372821
10.845,[0.15941371],10.845,0.14967541702028941,0.005495946594144481
10.85,[0.15895844],10.85,0.14948001830355273,0.001590381410573157
10.855,[0.15850829],10.855,0.1490892208700794,-0.0003086570788795308
10.86,[0.15806249],10.86,0.14889382215334274,-0.00231954015234214
10.865,[0.15762038],10.865,0.1485030247198694,-0.0031790214260766746
10.870000000000001,[0.15718141],10.870000000000001,0.14830762600313271,-0.004636304137381115
10.875,[0.15674514],10.875,0.14811222728639603,-0.005730528252746554
10.88,[0.15631121],10.88,0.14791682856965938,-0.006564357381781449
10.885,[0.15588009],10.885,0.14752603113618606,0.0008345197118258213
10.89,[0.15545215],10.89,0.14733063241944935,-0.00937450348537758
10.895,[0.15502639],10.895,0.1471352337027127,-0.00948990435959514
10.9,[0.15460264],10.9,0.14693983498597601,-0.002681204307515681
10.905,[0.15418211],10.905,0.14674443626923936,-0.005050237282191342
10.91,[0.15376519],10.91,0.1465490375525027,-0.00689948410410506
10.915000000000001,[0.15335157],10.915000000000001,0.146353638835766,-0.008487329740867975
10.92,[0.15294098],10.92,0.14615824011902934,-0.009785543574378684
10.925,[0.15253386],10.925,0.14596284140229268,-0.00402450233932442
10.93,[0.15213061],10.93,0.14576744268555603,-0.013654074284960006
10.935,[0.1517303],10.935,0.14537664525208266,-0.012898310997313903
10.94,[0.15133219],10.94,0.14518124653534598,-0.013133942133051588
10.945,[0.15093569],10.945,0.14479044910187266,-0.018789241282569844
10.950000000000001,[0.15053978],10.950000000000001,0.14459505038513598,-0.017327618961133585
10.955,[0.15014479],10.955,0.1443996516683993,-0.010051731482506132
10.96,[0.14975221],10.96,0.14420425295166264,-0.011328604777120622
10.965,[0.14936217],10.965,0.14361805680145262,-0.01642750221735623
10.97,[0.14897426],10.97,0.14303186065124263,-0.007237749027782179
10.975,[0.14858868],10.975,0.14225026578429595,-0.01112483797196934
10.98,[0.14820456],10.98,0.14146867091734927,-0.01284608811205872
10.985,[0.14782119],10.985,0.14068707605040257,-0.0011437879393407409
10.99,[0.14744018],10.99,0.1399054811834559,0.007954021177667171
10.995000000000001,[0.14706345],10.995000000000001,0.13892848759977253,0.010616094016982047
11.0,[0.14669152],11.0,0.13814689273282588,0.012615515311458868
11.005,[0.14632429],11.005,0.13736529786587917,0.015161775399787409
11.01,[0.14596163],11.01,0.13619290556545915,0.01970204427109095
11.015,[0.14560396],11.015,0.13560670941524913,0.02675969490502382
11.02,[0.14525108],11.02,0.13443431711482912,0.01884768177551563
11.025,[0.14490131],11.025,0.13365272224788244,0.02347119482418914
11.03,[0.14455375],11.03,0.13287112738093576,0.0275063298182967
11.035,[0.1442082],11.035,0.1318941337972524,0.02669736571789368
11.040000000000001,[0.14386449],11.040000000000001,0.1313079376470424,0.03558950428126397
11.045,[0.14352344],11.045,0.13072174149683238,0.03703037619434676
11.05,[0.14318574],11.05,0.1299401466298857,0.03916797598261469
11.055,[0.14285151],11.055,0.12935395047967568,0.04084667195145389
11.06,[0.1425213],11.06,0.12896315304620237,0.0461578766127953
11.065,[0.14219557],11.065,0.1281815581792557,0.042324390133221125
11.07,[0.1418742],11.07,0.12779076074578233,0.048019565803735724
11.075000000000001,[0.14155709],11.075000000000001,0.12700916587883565,0.04440172545701642
11.08,[0.1412437],11.08,0.12642296972862566,0.0466045635590975
11.085,[0.14093355],11.085,0.12583677357841566,0.04861884206064791
11.09,[0.14062714],11.09,0.1254459761449423,0.054258429332866176
11.095,[0.14032525],11.095,0.12505517871146896,0.053523866580718144
11.1,[0.14002769],11.1,0.12446898256125893,0.049657688380497396
11.105,[0.13973385],11.105,0.12407818512778561,0.05562337673236447
11.11,[0.13944444],11.11,0.12368738769431226,0.06017219847145373
11.115,[0.13916046],11.115,0.12329659026083893,0.05875824455182062
11.120000000000001,[0.13888146],11.120000000000001,0.12271039411062891,0.05457042565199613
11.125,[0.1386062],11.125,0.12231959667715558,0.05544364210485083
11.13,[0.13833445],11.13,0.1221241979604189,0.05972279163220094
11.135,[0.13806641],11.135,0.12173340052694555,0.055102924521564046
11.14,[0.13780105],11.14,0.12114720437673555,0.052957684725578935
11.145,[0.13753712],11.145,0.12095180565999888,0.05429863103621685
11.15,[0.13727397],11.15,0.12056100822652555,0.0518206101311395
11.155,[0.13701145],11.155,0.12036560950978886,0.057882082727436536
11.16,[0.13675023],11.16,0.11997481207631551,0.05886829091191486
11.165000000000001,[0.13649091],11.165000000000001,0.11977941335957885,0.058855772807384986
11.17,[0.13623397],11.17,0.1195840146428422,0.06279670997079985
11.175,[0.13598016],11.175,0.11938861592610552,0.061416784200825435
11.18,[0.13572937],11.18,0.11899781849263219,0.05758342951022127
11.185,[0.13548081],11.185,0.11880241977589551,0.05810647466842564
11.19,[0.13523449],11.19,0.11841162234242215,0.0633882996708175
11.195,[0.13499114],11.195,0.1182162236256855,0.06251942977203516
11.200000000000001,[0.13475102],11.200000000000001,0.11802082490894884,0.06175665050746576
11.205,[0.13451394],11.205,0.11782542619221216,0.06125399442671315
11.21,[0.13427976],11.21,0.11763002747547549,0.06095472477176303
11.215,[0.13404834],11.215,0.11723923004200215,0.06181090799159443
11.22,[0.13381956],11.22,0.11704383132526547,0.06170944217211493
11.225,[0.13359364],11.225,0.1168484326085288,0.06529855836092141
11.23,[0.13337073],11.23,0.11665303389179212,0.06052713729093156
11.235,[0.13315029],11.235,0.1162622364583188,0.061856058197007686
11.24,[0.13293183],11.24,0.11606683774158212,0.06213737764767163
11.245000000000001,[0.13271561],11.245000000000001,0.11587143902484545,0.06588495036027538
11.25,[0.13250185],11.25,0.1156760403081088,0.06165555096044675
11.255,[0.13228977],11.255,0.11528524287463544,0.05953213835340506
11.26,[0.13207903],11.26,0.11508984415789876,0.059349640111142736
11.265,[0.13187062],11.265,0.11489444544116212,0.06083396701449039
11.27,[0.13166502],11.27,0.11469904672442544,0.06190053064600753
11.275,[0.13146201],11.275,0.11450364800768877,0.06258165337705834
11.28,[0.13126138],11.28,0.1143082492909521,0.06338477873995496
11.285,[0.13106295],11.285,0.11411285057421541,0.06372445464307289
11.290000000000001,[0.13086655],11.290000000000001,0.11391745185747876,0.06424597623991486
11.295,[0.13067205],11.295,0.1135266544240054,0.06557551506787127
11.3,[0.13047932],11.3,0.11333125570726875,0.06582360119625766
11.305,[0.13028853],11.305,0.11313585699053208,0.06929336474782793
11.31,[0.13009983],11.31,0.11294045827379541,0.06542631470972116
11.315,[0.12991303],11.315,0.11274505955705873,0.0690985267178154
11.32,[0.12972826],11.32,0.11254966084032206,0.0686802234575915
11.325000000000001,[0.12954591],11.325000000000001,0.11235426212358537,0.07156160137953912
11.33,[0.12936576],11.33,0.11196346469011205,0.06536189583875572
11.335,[0.12918702],11.335,0.11176806597337538,0.0695176195582643
11.34,[0.1290093],11.34,0.11157266725663871,0.06646303968448827
11.345,[0.12883253],11.345,0.11137726853990204,0.07045448995211878
11.35,[0.12865669],11.35,0.11118186982316537,0.06739712176258214
11.355,[0.12848177],11.355,0.1109864711064287,0.07103731272191639
11.36,[0.12830774],11.36,0.11079107238969202,0.06784316060290078
11.365,[0.12813461],11.365,0.11059567367295536,0.0716017510142958
11.370000000000001,[0.12796265],11.370000000000001,0.11040027495621868,0.07130507716577326
11.375,[0.12779181],11.375,0.11020487623948202,0.06840410981172677
11.38,[0.12762153],11.38,0.11000947752274534,0.06915110472923043
11.385,[0.12745186],11.385,0.10981407880600867,0.07286188098565317
11.39,[0.12728338],11.39,0.10981407880600867,0.07148078135371103
11.395,[0.1271163],11.395,0.10961868008927202,0.07145098690453403
11.4,[0.1269503],11.4,0.10942328137253533,0.06864842356223111
11.405,[0.1267851],11.405,0.10903248393906198,0.07333575611087591
11.41,[0.12662099],11.41,0.10903248393906198,0.07226164766024208
11.415000000000001,[0.12645793],11.415000000000001,0.10883708522232532,0.06949812245412824
11.42,[0.1262954],11.42,0.10844628778885199,0.07142949727092796
11.425,[0.12613323],11.425,0.10825088907211532,0.0722918828867598
11.43,[0.12597182],11.43,0.10805549035537865,0.07555431675997097
11.435,[0.12581144],11.435,0.10786009163864198,0.07249555592254574
11.44,[0.12565185],11.44,0.1076646929219053,0.07320623661905265
11.445,[0.12549261],11.445,0.10746929420516863,0.07120819895023449
11.450000000000001,[0.1253336],11.450000000000001,0.10727389548843196,0.07495072300364101
11.455,[0.12517521],11.455,0.1070784967716953,0.0752801658192932
11.46,[0.12501777],11.46,0.1070784967716953,0.074579249696785
11.465,[0.12486134],11.465,0.10688309805495863,0.07463183608815994
11.47,[0.12470594],11.47,0.10668769933822195,0.07480729350632392
11.475,[0.12455159],11.475,0.10649230062148528,0.07493385714280074
11.48,[0.1243983],11.48,0.10629690190474862,0.0753842486751411
11.485,[0.12424611],11.485,0.10610150318801194,0.07569287195441453
11.49,[0.12409503],11.49,0.10610150318801194,0.07494446124382183
11.495000000000001,[0.12394506],11.495000000000001,0.10590610447127527,0.07527998585389833
11.5,[0.1237962],11.5,0.10571070575453859,0.07567173870230551
11.505,[0.12364845],11.505,0.10571070575453859,0.07498410612697462
11.51,[0.1235018],11.51,0.10551530703780194,0.07524865324808372
11.515,[0.12335622],11.515,0.10531990832106528,0.07546213811752281
11.52,[0.1232117],11.52,0.10512450960432859,0.07566583413389909
11.525,[0.12306845],11.525,0.10492911088759192,0.07849607457709355
11.53,[0.12292663],11.53,0.10492911088759192,0.07480230129074597
11.535,[0.12278598],11.535,0.10473371217085524,0.07535255590035343
11.540000000000001,[0.12264645],11.540000000000001,0.10453831345411858,0.07820326711650474
11.545,[0.12250841],11.545,0.10453831345411858,0.07689494772856047
11.55,[0.12237196],11.55,0.1043429147373819,0.07696639642119368
11.555,[0.12223716],11.555,0.1043429147373819,0.07825666605263107
11.56,[0.12210404],11.56,0.10414751602064523,0.07547186389283748
11.565,[0.12197221],11.565,0.10395211730390858,0.07602779250955756
11.57,[0.12184135],11.57,0.1037567185871719,0.07658691716327852
11.575000000000001,[0.12171141],11.575000000000001,0.10356131987043524,0.0767779223502389
11.58,[0.12158229],11.58,0.10356131987043524,0.07635724565213321
11.585,[0.12145392],11.585,0.10336592115369855,0.07685077792366275
11.59,[0.12132607],11.59,0.10317052243696188,0.07506510877243616
11.595,[0.12119834],11.595,0.10297512372022523,0.07616659109139214
11.6,[0.12107081],11.6,0.10297512372022523,0.07834355241816136
11.605,[0.12094393],11.605,0.10277972500348855,0.07834360142036001
11.61,[0.12081788],11.61,0.10277972500348855,0.07758937173961508
11.615,[0.12069263],11.615,0.10258432628675188,0.07795405067323559
11.620000000000001,[0.12056815],11.620000000000001,0.1023889275700152,0.07828804519755717
11.625,[0.12044424],11.625,0.1023889275700152,0.07562537466519818
11.63,[0.12032055],11.63,0.10219352885327855,0.07672210723606473
11.635,[0.12019717],11.635,0.10219352885327855,0.07869611026613546
11.64,[0.12007456],11.64,0.1018027314198052,0.07963115195753677
11.645,[0.1199529],11.645,0.10160733270306853,0.08000034445006583
11.65,[0.11983216],11.65,0.10160733270306853,0.0793279408952463
11.655,[0.11971251],11.655,0.10141193398633185,0.0816630679571288
11.66,[0.11959411],11.66,0.10121653526959519,0.07986644409408843
11.665000000000001,[0.1194769],11.665000000000001,0.1010211365528585,0.08243922963900914
11.67,[0.11936102],11.67,0.10082573783612185,0.08261180483732508
11.675,[0.11924659],11.675,0.10063033911938518,0.08283488356346803
11.68,[0.1191335],11.68,0.10043494040264851,0.08299210070019303
11.685,[0.11902183],11.685,0.10023954168591184,0.08529586967725411
11.69,[0.11891159],11.69,0.10004414296917516,0.0834966885640016
11.695,[0.11880268],11.695,0.10004414296917516,0.08499967122009715
11.700000000000001,[0.11869516],11.700000000000001,0.09984874425243849,0.08515403982139906
11.705,[0.11858909],11.705,0.0996533455357018,0.08525913538922147
11.71,[0.11848451],11.71,0.0996533455357018,0.08637320360416742
11.715,[0.1183816],11.715,0.0996533455357018,0.08513851350346081
11.72,[0.11828037],11.72,0.09945794681896515,0.08535814165428626
11.725,[0.11818066],11.725,0.0992625481022285,0.08579081949125215
11.73,[0.11808261],11.73,0.0992625481022285,0.08733348985321883
11.735,[0.11798636],11.735,0.0992625481022285,0.08432969662255284
11.74,[0.11789163],11.74,0.0992625481022285,0.08365779571964461
11.745000000000001,[0.11779812],11.745000000000001,0.0992625481022285,0.08311332870314553
11.75,[0.11770588],11.75,0.0992625481022285,0.08407138068754823
11.755,[0.11761506],11.755,0.0992625481022285,0.08309608332242568
11.76,[0.11752569],11.76,0.0992625481022285,0.08236609047806323
11.765,[0.11743764],11.765,0.0992625481022285,0.08162786339603591
11.77,[0.1173508],11.77,0.0992625481022285,0.08113260275953627
11.775,[0.11726524],11.775,0.0992625481022285,0.08212291286520973
11.78,[0.11718112],11.78,0.0992625481022285,0.08120830967917016
11.785,[0.11709854],11.785,0.0992625481022285,0.08202640419679322
11.790000000000001,[0.11701763],11.790000000000001,0.0992625481022285,0.08113116657770401
11.795,[0.11693835],11.795,0.0992625481022285,0.08052945806142675
11.8,[0.11686058],11.8,0.0992625481022285,0.08006266248698864
11.805,[0.11678421],11.805,0.0992625481022285,0.07956482618004503
11.81,[0.11670911],11.81,0.0992625481022285,0.07918950138398081
11.815,[0.11663511],11.815,0.0992625481022285,0.07781251242380594
11.82,[0.11656204],11.82,0.0992625481022285,0.07899193601219646
11.825000000000001,[0.11649002],11.825000000000001,0.0992625481022285,0.07881235680492082
11.83,[0.11641914],11.83,0.0992625481022285,0.07842341888813792
11.835,[0.11634935],11.835,0.0992625481022285,0.078168437191931
11.84,[0.11628053],11.84,0.0992625481022285,0.07693267248711096
11.845,[0.11621252],11.845,0.0992625481022285,0.07716570172112114
11.85,[0.11614537],11.85,0.0992625481022285,0.07813858474955741
11.855,[0.11607922],11.855,0.0992625481022285,0.07686575118722302
11.86,[0.11601403],11.86,0.0992625481022285,0.0770248435192695
11.865,[0.11594977],11.865,0.0992625481022285,0.07692815909214695
11.870000000000001,[0.11588651],11.870000000000001,0.0992625481022285,0.07681541455808397
11.875,[0.11582428],11.875,0.0992625481022285,0.07681716498083538
11.88,[0.11576308],11.88,0.0992625481022285,0.07591043079484261
11.885,[0.1157029],11.885,0.0992625481022285,0.07675837945737998
11.89,[0.11564386],11.89,0.0992625481022285,0.07662195131013777
11.895,[0.11558608],11.895,0.0992625481022285,0.07655403941230161
11.9,[0.11552962],11.9,0.0992625481022285,0.07639616255123247
11.905,[0.11547446],11.905,0.0992625481022285,0.07565511106059879
11.91,[0.11542051],11.91,0.0992625481022285,0.0757445103763711
11.915000000000001,[0.11536783],11.915000000000001,0.0992625481022285,0.07632055764019885
11.92,[0.1153083],11.92,0.0992625481022285,-0.013718901405959797
11.925,[0.11522768],11.925,0.0992625481022285,0.02076184038384012
11.93,[0.11512396],11.93,0.0992625481022285,0.044287497227522704
11.935,[0.11500423],11.935,0.09906714938549181,0.05824305770453633
11.94,[0.11487396],11.94,0.09906714938549181,0.06761775142385504
11.945,[0.11473775],11.945,0.09906714938549181,0.07441616314624822
11.950000000000001,[0.11459998],11.950000000000001,0.09906714938549181,0.08191754823703247
11.955,[0.11446475],11.955,0.09906714938549181,0.08492006507879937
11.96,[0.11433604],11.96,0.0992625481022285,0.0931927242161814
11.965,[0.1142186],11.965,0.09906714938549181,0.10395824007366695
11.97,[0.1141179],11.97,0.0992625481022285,0.11317973235641565
11.975,[0.11403854],11.975,0.0992625481022285,0.11224466583357436
11.98,[0.11398416],11.98,0.0992625481022285,0.1245831081140396
11.985,[0.11395951],11.985,0.0992625481022285,0.13681192735139233
11.99,[0.11397034],11.99,0.0992625481022285,0.14870505082324328
11.995000000000001,[0.11402223],11.995000000000001,0.0992625481022285,0.16009012977162806
12.0,[0.11412045],12.0,0.09945794681896515,0.17010753582745552
12.005,[0.11426989],12.005,0.0996533455357018,0.17949431978128716
12.01,[0.11447304],12.01,0.0996533455357018,0.16945529652920527
12.015,[0.1147301],12.015,0.10004414296917516,0.18092824658137935
12.02,[0.11504509],12.02,0.10043494040264851,0.21399931960526908
12.025,[0.11542338],12.025,0.10082573783612185,0.19552574852348553
12.030000000000001,[0.11586526],12.030000000000001,0.10121653526959519,0.20557469213871754
12.035,[0.11637073],12.035,0.10160733270306853,0.21438407888533859
12.040000000000001,[0.11694166],12.040000000000001,0.1023889275700152,0.22013812970613697
12.045,[0.11757692],12.045,0.10297512372022523,0.2017013281586191
12.05,[0.11827516],12.05,0.1037567185871719,0.23728748899816862
12.055,[0.11903724],12.055,0.10453831345411858,0.21454997297129808
12.06,[0.11986089],12.06,0.10551530703780194,0.2230878793898661
12.065,[0.12074389],12.065,0.10649230062148528,0.23002405933999945
12.07,[0.12168655],12.07,0.10746929420516863,0.23613883356310753
12.075000000000001,[0.12268607],12.075000000000001,0.10844628778885199,0.2143217822855701
12.08,[0.12373703],12.08,0.10961868008927202,0.2256995106365786
12.085,[0.12483724],12.085,0.11079107238969202,0.23457221974781645
12.09,[0.12598739],12.09,0.11235426212358537,0.2398592129337746
12.095,[0.12718794],12.095,0.11372205314074207,0.24517798763948037
12.1,[0.12843912],12.1,0.11528524287463544,0.24866500382920198
12.105,[0.12974102],12.105,0.11704383132526547,0.25124911549164314
12.11,[0.13109046],12.11,0.11860702105915884,0.224631287509456
12.115,[0.13248474],12.115,0.12036560950978886,0.26476780622459645
12.120000000000001,[0.13392465],12.120000000000001,0.12231959667715558,0.23406143404773774
12.125,[0.13540749],12.125,0.12427358384452228,0.24212548511181156
12.13,[0.13693108],12.13,0.12622757101188897,0.24865804378526668
12.135,[0.1384934],12.135,0.127986159462519,0.22264111919479737
12.14,[0.1400893],12.14,0.1301355453466224,0.23530140257615206
12.145,[0.1417218],12.145,0.1332619248144091,0.27098275309366443
12.15,[0.14340098],12.15,0.13560670941524913,0.2681420717735521
12.155000000000001,[0.1451318],12.155000000000001,0.1379514940160892,0.26608202729723485
12.16,[0.14691477],12.16,0.14088247476713922,0.2620285950284057
12.165000000000001,[0.14875019],12.165000000000001,0.14322725936797928,0.26122013497881186
12.17,[0.15063408],12.17,0.14557204396881931,0.2278638997328849
12.175,[0.15255877],12.175,0.14791682856965938,0.2373249082582355
12.18,[0.15451744],12.18,0.15006621445376275,0.21015204432285564
12.185,[0.15650405],12.185,0.15280179648807612,0.22319542278997526
12.19,[0.15851741],12.19,0.15514658108891616,0.23329320669314238
12.195,[0.16055626],12.195,0.15768676440649287,0.20392346869347056
12.200000000000001,[0.16261512],12.200000000000001,0.1608131438742796,0.21452863267464628
12.205,[0.16469322],12.205,0.16335332719185633,0.2228138432161546
12.21,[0.16678955],12.21,0.16589351050943302,0.19309082771939087
12.215,[0.16889878],12.215,0.16862909254374644,0.20447396854872302
12.22,[0.17102003],12.22,0.17214626944500647,0.20674448659743538
12.225,[0.17316011],12.225,0.17585884506300323,0.23371246792585693
12.23,[0.17532809],12.23,0.1799622181144733,0.2181035245665653
12.235,[0.17752675],12.235,0.18347939501573338,0.20576502541835037
12.24,[0.17975353],12.24,0.18680117320025674,0.19506774189526147
12.245000000000001,[0.18200534],12.245000000000001,0.18992755266804345,0.1856332641897486
12.25,[0.184275],12.25,0.19266313470235683,0.14846835245374795
12.255,[0.18655206],12.255,0.19539871673667025,0.15032290782946928
12.26,[0.18883056],12.26,0.198525096204457,0.14736453658407245
12.265,[0.1911083],12.265,0.20145607695550702,0.14316013019158752
12.27,[0.19338253],12.27,0.2047778551400304,0.13500913534892728
12.275,[0.19565002],12.275,0.20790423460781715,0.12638267236674838
12.280000000000001,[0.19790708],12.280000000000001,0.21142141150907717,0.11480418172152927
12.285,[0.20014968],12.285,0.2147431896936006,0.10325712567708475
12.290000000000001,[0.20235426],12.290000000000001,0.21786956916138733,-0.10926619679540765
12.295,[0.20447837],12.295,0.22099594862917407,-0.09023760993746965
12.3,[0.20650318],12.3,0.22412232809696078,-0.046484864246762105
12.305,[0.20843412],12.305,0.22685791013127415,-0.036129410831123525
12.31,[0.21027609],12.31,0.22959349216558755,-0.029562800762446627
12.315,[0.21203014],12.315,0.2317428780496909,-0.050440159982692204
12.32,[0.2136941],12.32,0.23330606778358423,-0.054039074707837656
12.325000000000001,[0.21526635],12.325000000000001,0.23486925751747764,-0.05708129337071095
12.33,[0.21674728],12.33,0.2360416498178977,-0.05792623844730171
12.335,[0.21813801],12.335,0.23721404211831768,-0.059161516090668886
12.34,[0.21944021],12.34,0.238191035702001,-0.05962700507269833
12.345,[0.2206554],12.345,0.23877723185221103,-0.06498998160015154
12.35,[0.22178505],12.35,0.2395588267191577,-0.06235887522695221
12.355,[0.22283176],12.355,0.23994962415263102,-0.05887630415267097
12.36,[0.22379905],12.36,0.24034042158610439,-0.05667244614158609
12.365,[0.22469047],12.365,0.24053582030284107,-0.05418266908697412
12.370000000000001,[0.22550921],12.370000000000001,0.24053582030284107,-0.0551375925158205
12.375,[0.22625846],12.375,0.24034042158610439,-0.046724090959583416
12.38,[0.22694214],12.38,0.24034042158610439,-0.045059653596997706
12.385,[0.22756406],12.385,0.23994962415263102,-0.04168423250477523
12.39,[0.22812732],12.39,0.2397542254358944,-0.04167639962832774
12.395,[0.22863484],12.395,0.23936342800242105,-0.03806334036139539
12.4,[0.22908974],12.4,0.2389726305689477,-0.035012687171677756
12.405000000000001,[0.22949531],12.405000000000001,0.2383864344187377,-0.030564757463081918
12.41,[0.22985479],12.41,0.23760483955179101,-0.026506783098697577
12.415000000000001,[0.23017112],12.415000000000001,0.23721404211831768,-0.02470764296407273
12.42,[0.23044704],12.42,0.23662784596810765,-0.021698018877978027
12.425,[0.23068526],12.425,0.2360416498178977,-0.018939472646218772
12.43,[0.23088843],12.43,0.23526005495095098,-0.015147022178270702
12.435,[0.23105907],12.435,0.23467385880074096,-0.012342150449067961
12.44,[0.23119969],12.44,0.23408766265053094,-0.008874279271375253
12.445,[0.23131277],12.445,0.23350146650032094,-0.00618058645843065
12.450000000000001,[0.23140072],12.450000000000001,0.23291527035011095,-0.0027074689442007664
12.455,[0.23146588],12.455,0.2323290741999009,-0.00021259572234848872
12.46,[0.23151042],12.46,0.2317428780496909,0.0024075302055332043
12.465,[0.23153643],12.465,0.2311566818994809,0.005872682894286584
12.47,[0.23154599],12.47,0.2305704857492709,0.00848451420101298
12.475,[0.23154105],12.475,0.23017968831579752,0.010791089525379773
12.48,[0.23152344],12.48,0.22978889088232424,0.012090544802048077
12.485,[0.23149477],12.485,0.22939809344885087,0.012822480884740148
12.49,[0.23145649],12.49,0.22900729601537753,0.015285537547027097
12.495000000000001,[0.23141018],12.495000000000001,0.2286164985819042,0.017231572602299784
12.5,[0.2313572],12.5,0.22842109986516748,0.015556294084074183
12.505,[0.23129767],12.505,0.22822570114843083,0.006744192660128562
12.51,[0.2312312],12.51,0.2280303024316942,0.011161141471587392
12.515,[0.23115882],12.515,0.22783490371495752,0.014575130578955865
12.52,[0.23108247],12.52,0.22783490371495752,0.015827652032817312
12.525,[0.23100392],12.525,0.22763950499822086,0.018243845621135093
12.530000000000001,[0.23092485],12.530000000000001,0.22763950499822086,0.01936745941634427
12.535,[0.2308471],12.535,0.22744410628148415,0.023705179310820453
12.540000000000001,[0.23077255],12.540000000000001,0.22744410628148415,0.023692194730895337
12.545,[0.23070285],12.545,0.2272487075647475,0.02764031418386858
12.55,[0.23063984],12.55,0.2272487075647475,0.031017340544354614
12.555,[0.23058565],12.555,0.2272487075647475,0.0348483400058385
12.56,[0.23054257],12.56,0.2272487075647475,0.039226784504997246
12.565,[0.23051305],12.565,0.2272487075647475,0.044151114715264096
12.57,[0.230499],12.57,0.2272487075647475,0.042644974584035836
12.575000000000001,[0.23050118],12.575000000000001,0.2272487075647475,0.042019923200289536
12.58,[0.23052125],12.58,0.2272487075647475,0.05946686739470768
12.585,[0.23056231],12.585,0.2272487075647475,0.05671298335282603
12.59,[0.23062768],12.59,0.2272487075647475,0.0780345925479467
12.595,[0.230722],12.595,0.2272487075647475,0.08586000368682781
12.6,[0.23085125],12.6,0.2272487075647475,0.10953449070011374
12.605,[0.23102169],12.605,0.22744410628148415,0.11473940249376345
12.61,[0.23123631],12.61,0.22744410628148415,0.10450748295280751
12.615,[0.231495],12.615,0.22763950499822086,0.11542243113970738
12.620000000000001,[0.23179948],12.620000000000001,0.22783490371495752,0.12599136028274616
12.625,[0.23215305],12.625,0.2280303024316942,0.1358085496032155
12.63,[0.23255869],12.63,0.22842109986516748,0.14390790359224429
12.635,[0.233019],12.635,0.22881189729864085,0.15147468572499487
12.64,[0.23353831],12.64,0.22939809344885087,0.17926084957413474
12.645,[0.23412012],12.645,0.22978889088232424,0.1572921941504482
12.65,[0.23476266],12.65,0.2303750870325342,0.1634911073586436
12.655000000000001,[0.23546397],12.655000000000001,0.2311566818994809,0.16807895558400282
12.66,[0.23622412],12.66,0.2317428780496909,0.17260627753354374
12.665000000000001,[0.23704255],12.665000000000001,0.2325244729166376,0.17507582518025305
12.67,[0.23791805],12.67,0.23330606778358423,0.17664883653532956
12.675,[0.23884646],12.675,0.23408766265053094,0.15492267113085556
12.68,[0.23982121],12.68,0.23486925751747764,0.16217730057712726
12.685,[0.24083602],12.685,0.2360416498178977,0.14250024935046796
12.69,[0.24188711],12.69,0.23721404211831768,0.1723581365601867
12.695,[0.2429728],12.695,0.2383864344187377,0.14873723088095997
12.700000000000001,[0.24409086],12.700000000000001,0.23994962415263102,0.17112538472016986
12.705,[0.24524068],12.705,0.2411220164530511,0.16674240028029713
12.71,[0.24642097],12.71,0.24268520618694442,0.16018769290394563
12.715,[0.2476258],12.715,0.24385759848736446,0.1361623802361087
12.72,[0.24884948],12.72,0.24542078822125782,0.15583053831503654
12.725,[0.25009048],12.725,0.2473747753886245,0.14666889641596864
12.73,[0.25134516],12.73,0.24854716768904456,0.12332323503032011
12.735,[0.2526062],12.735,0.24991495870620126,0.12413043065641266
12.74,[0.25386892],12.74,0.2514781484400946,0.12292392122194602
12.745000000000001,[0.25513095],12.745000000000001,0.253041338173988,0.12071458082274121
12.75,[0.25639003],12.75,0.25499532534135466,0.11619321920210836
12.755,[0.2576441],12.755,0.2567539137919847,0.11237170301028022
12.76,[0.25889126],12.76,0.25831710352587806,0.10932955164735922
12.765,[0.26012987],12.765,0.2600756919765081,0.10526283279086066
12.77,[0.26135846],12.77,0.26163888171040145,0.1020370427445135
12.775,[0.26257581],12.775,0.26359286887776817,0.09705639479209537
12.780000000000001,[0.26378089],12.780000000000001,0.26554685604513484,0.09206396056631003
12.785,[0.26497459],12.785,0.26750084321250156,0.10434057930847812
12.790000000000001,[0.26615779],12.790000000000001,0.26886863422965823,0.08078582513738698
12.795,[0.26732806],12.795,0.27062722268028827,0.07827438345016298
12.8,[0.26848179],12.8,0.2723858111309183,0.0587620823019103
12.805,[0.2696161],12.805,0.27394900086481166,0.06176080298760646
12.81,[0.27073202],12.81,0.2753167918819684,0.08097729426933183
12.815,[0.27183224],12.815,0.27687998161586175,0.05980750576257202
12.82,[0.27291448],12.82,0.2780523739162818,0.04586620475722333
12.825000000000001,[0.27397708],12.825000000000001,0.28020175980038514,0.06491008707643336
12.83,[0.27502211],12.83,0.28137415210080513,0.04806650626530556
12.835,[0.27604996],12.835,0.2827419431179618,0.05171649466653402
12.84,[0.27706122],12.84,0.28410973413511853,0.05409962210560716
12.845,[0.27805988],12.845,0.2862591200192219,0.06844835549058331
12.85,[0.27904952],12.85,0.2874315123196419,0.048043385819744745
12.855,[0.28003009],12.855,0.2887993033367986,0.04937823938368559
12.86,[0.28100169],12.86,0.28997169563721864,0.050979270972710544
12.865,[0.28196619],12.865,0.2913394866543753,0.050988958116414816
12.870000000000001,[0.28292364],12.870000000000001,0.2923164802380587,0.03512615611093943
12.875,[0.28387255],12.875,0.29407506868868866,0.03726276636578062
12.88,[0.28481341],12.88,0.29544285970584544,0.03980747943948232
12.885,[0.28574836],12.885,0.29661525200626543,0.0418295138913079
12.89,[0.2866793],12.89,0.29759224558994873,0.0438813128510386
12.895,[0.28760781],12.895,0.29896003660710546,0.04327812670541724
12.9,[0.28853684],12.9,0.30032782762426213,0.058825891313653234
12.905000000000001,[0.28947037],12.905000000000001,0.30130482120794555,0.05432585152822945
12.91,[0.29041],12.91,0.3020864160748922,0.05175129851155177
12.915000000000001,[0.2913553],12.915000000000001,0.30306340965857553,0.049149606756341425
12.92,[0.29230419],12.92,0.3040404032422589,0.030825988786703867
12.925,[0.29325168],12.925,0.30501739682594226,0.017495064402484526
12.93,[0.29419505],12.93,0.30579899169288893,0.041986972684164355
12.935,[0.29513662],12.935,0.3065805865598356,0.043074425631586186
12.94,[0.2960768],12.94,0.30736218142678234,0.02769853614343181
12.945,[0.29701431],12.945,0.30833917501046565,0.04811573405278137
12.950000000000001,[0.29795107],12.950000000000001,0.309316168594149,0.04656676502464249
12.955,[0.29888717],12.955,0.309902364744359,0.031267039191481626
12.96,[0.29982111],12.96,0.31087935832804237,0.05085235054995909
12.965,[0.30075463],12.965,0.31166095319498904,0.04987298749051128
12.97,[0.30169067],12.97,0.3126379467786724,0.06387042493301544
12.975,[0.3026302],12.975,0.3132241429288824,0.04471786277789737
12.98,[0.303571],12.98,0.31381033907909234,0.0472125304707531
12.985,[0.30451117],12.985,0.31459193394603907,0.048623580092963165
12.99,[0.30545213],12.99,0.31556892752972243,0.06492517259642087
12.995000000000001,[0.3063936],12.995000000000001,0.3161551236799325,0.06699175728542106
13.0,[0.30733231],13.0,0.31693671854687916,0.07900251579107699
13.005,[0.30826856],13.005,0.31752291469708915,0.07313111882689417
13.01,[0.30920404],13.01,0.3184999082807725,0.06733723239181562
13.015,[0.31013865],13.015,0.3190861044309825,0.06478781230962495
13.02,[0.31107222],13.02,0.31967230058119256,0.06326607723080979
13.025,[0.31200449],13.025,0.32045389544813924,0.061315834110017876
13.030000000000001,[0.31293371],13.030000000000001,0.32104009159834923,0.04580021564779562
13.035,[0.31385687],13.035,0.3216262877485592,0.050111728725717904
13.040000000000001,[0.31477282],13.040000000000001,0.32221248389876916,0.05331795867785837
13.045,[0.31568332],13.045,0.32318947748245264,0.06806104779785765
13.05,[0.31659113],13.05,0.3239710723493993,0.06439365686735124
13.055,[0.31749577],13.055,0.3245572684996093,0.04841777134667307
13.06,[0.318394],13.06,0.32514346464981925,0.05166646043004535
13.065,[0.31928447],13.065,0.32572966080002924,0.05414762777103897
13.07,[0.32016731],13.07,0.32612045823350266,0.05685622796858879
13.075000000000001,[0.32104138],13.075000000000001,0.32670665438371266,0.04491129516783802
13.08,[0.32190322],13.08,0.32729285053392265,0.036433264979098504
13.085,[0.32275128],13.085,0.32787904668413265,0.058058596390535906
13.09,[0.32358692],13.09,0.328269844117606,0.047479577034639564
13.095,[0.32441137],13.095,0.3290514389845527,0.06553960960224448
13.1,[0.32522582],13.1,0.32944223641802606,0.053296067778700384
13.105,[0.32602884],13.105,0.33002843256823605,0.04400633351127597
13.11,[0.32681813],13.11,0.330614628718446,0.05151880936859326
13.115,[0.32759569],13.115,0.33120082486865604,0.07067210268566557
13.120000000000001,[0.32836465],13.120000000000001,0.3315916223021294,0.058355163535014985
13.125,[0.32912525],13.125,0.3321778184523394,0.06254223431015332
13.13,[0.3298778],13.13,0.3327640146025494,0.06614727241609906
13.135,[0.33062396],13.135,0.3331548120360227,0.06979443198930993
13.14,[0.33136524],13.14,0.33393640690296944,0.07097630615676288
13.145,[0.332103],13.145,0.3343272043364428,0.07374630365684534
13.15,[0.33283848],13.15,0.3349134004866528,0.07532688079641019
13.155000000000001,[0.33357277],13.155000000000001,0.3356949953535995,0.07586890662030195
13.16,[0.33430691],13.16,0.3360857927870728,0.07825255988878262
13.165000000000001,[0.33504051],13.165000000000001,0.3366719889372828,0.06571026019691123
13.17,[0.33577203],13.17,0.3372581850874929,0.07127307642259162
13.175,[0.33650159],13.175,0.3378443812377029,0.07573703515018726
13.18,[0.33723073],13.18,0.33862597610464956,0.07838675018784212
13.185,[0.33796084],13.185,0.33921217225485956,0.08149670241260475
13.19,[0.33869466],13.19,0.33979836840506955,0.0988546875403451
13.195,[0.33943596],13.195,0.34057996327201623,0.09630470487759087
13.200000000000001,[0.34018666],13.200000000000001,0.3411661594222262,0.09575207984612137
13.205,[0.340947],13.205,0.3417523555724363,0.09596992103880865
13.21,[0.34171727],13.21,0.34253395043938295,0.09600622172729317
13.215,[0.34249773],13.215,0.3435109440230663,0.09530284725051341
13.22,[0.34328862],13.22,0.34429253889001293,0.09595055943477436
13.225,[0.34408866],13.225,0.3446833363234863,0.08255873599531299
13.23,[0.34489522],13.23,0.34566032990716966,0.087172683063411
13.235,[0.34570765],13.235,0.3462465260573797,0.0925556757475187
13.24,[0.346527],13.24,0.347223519641063,0.09498101732261599
13.245000000000001,[0.3473542],13.245000000000001,0.3480051145080097,0.09767800262003713
13.25,[0.34819005],13.25,0.3487867093749564,0.10000505157219898
13.255,[0.34903524],13.255,0.3497637029586398,0.10091676533464357
13.26,[0.34989194],13.26,0.3507406965423231,0.11856119609256204
13.265,[0.35076358],13.265,0.3519130888427431,0.1132964475085726
13.27,[0.35165133],13.27,0.35289008242642644,0.11003539802053339
13.275,[0.35255272],13.275,0.3536716772933732,0.09152680226276098
13.280000000000001,[0.35346556],13.280000000000001,0.35464867087705654,0.11219244603710167
13.285,[0.35438954],13.285,0.3558210631774765,0.09156975873389692
13.290000000000001,[0.3553226],13.290000000000001,0.35679805676115983,0.09468869965043519
13.295,[0.35626296],13.295,0.3579704490615799,0.09620582120286475
13.3,[0.35721069],13.3,0.35894744264526324,0.09788783387433432
13.305,[0.35816585],13.305,0.3599244362289466,0.09932564832978118
13.31,[0.35912848],13.31,0.36109682852936664,0.09964691832746196
13.315,[0.36009867],13.315,0.36187842339631326,0.1019015661460088
13.32,[0.36107477],13.32,0.3628554169799967,0.08484023318663045
13.325000000000001,[0.36205372],13.325000000000001,0.36383241056368,0.09150159570349041
13.33,[0.36303484],13.33,0.36480940414736335,0.09702060786644441
13.335,[0.36401954],13.335,0.3659817964477834,0.10049160232886817
13.34,[0.36500732],13.34,0.3671541887482034,0.08380290809595493
13.345,[0.36599613],13.345,0.3683265810486234,0.09168434705199333
13.35,[0.36698829],13.35,0.36949897334904347,0.1181822725123145
13.355,[0.36798992],13.355,0.3706713656494634,0.11757314426321881
13.36,[0.36900245],13.36,0.37145296051641014,0.09864219167278582
13.365,[0.3700233],13.365,0.3726253528168302,0.1050389040314043
13.370000000000001,[0.37105242],13.370000000000001,0.37399314383398685,0.10946609395623283
13.375,[0.37209202],13.375,0.37516553613440684,0.11381356792425637
13.38,[0.37314416],13.38,0.3765333271515635,0.11628209754110205
13.385,[0.37421066],13.385,0.37751032073524693,0.12019779202334141
13.39,[0.37529096],13.39,0.37848731431893023,0.10147704482389269
13.395,[0.37638015],13.395,0.3794643079026136,0.08768123250497321
13.4,[0.37747636],13.4,0.38122289635324363,0.12119238811272519
13.405000000000001,[0.37858249],13.405000000000001,0.382199889936927,0.10188152109470743
13.41,[0.37970107],13.41,0.383958478387557,0.13118229123965627
13.415000000000001,[0.38083892],13.415000000000001,0.38591246555492376,0.14997320817495954
13.42,[0.38200411],13.42,0.38708485785534374,0.1438051146087708
13.425,[0.38319618],13.425,0.38825725015576373,0.1162571992836903
13.43,[0.38440975],13.43,0.38962504117292046,0.11924477780607133
13.435,[0.38564245],13.435,0.3906020347566038,0.12334722109107951
13.44,[0.38689205],13.44,0.3917744270570238,0.10193201472623159
13.445,[0.38815407],13.445,0.39294681935744386,0.11082293205994038
13.450000000000001,[0.38942699],13.450000000000001,0.3943146103746005,0.11643891627522258
13.455,[0.39070938],13.455,0.3956824013917572,0.09605813958855607
13.46,[0.39199989],13.46,0.397050192408914,0.12937780800002352
13.465,[0.39330205],13.465,0.3986133821428072,0.12800996736268058
13.47,[0.39461628],13.47,0.399981173159964,0.10377869244202578
13.475,[0.39594033],13.475,0.40173976161059405,0.13140276473494206
13.48,[0.39727689],13.48,0.40291215391101404,0.1298203309624699
13.485,[0.39862563],13.485,0.4042799449281707,0.10426053566553338
13.49,[0.39998131],13.49,0.40545233722859075,0.11021661100666713
13.495000000000001,[0.40134164],13.495000000000001,0.4068201282457474,0.11363761777468391
13.5,[0.40270461],13.5,0.4081879192629041,0.09249340067497192
13.505,[0.40406604],13.505,0.4095557102800608,0.10049618486418857
13.51,[0.40542465],13.51,0.41092350129721755,0.10596880595386356
13.515,[0.40678156],13.515,0.41268208974784754,0.107461903764587
13.52,[0.4081354],13.52,0.41365908333153095,0.0887626220148531
13.525,[0.40948266],13.525,0.41522227306542425,0.0957935975371201
13.530000000000001,[0.41082267],13.530000000000001,0.4169808615160543,0.09920601423429369
13.535,[0.41215711],13.535,0.41873944996668433,0.10062810549054282
13.540000000000001,[0.41348738],13.540000000000001,0.420107240983841,0.10277500548670088
13.545,[0.41481683],13.545,0.4220612281512078,0.12270885458320523
13.55,[0.41615046],13.55,0.42381981660183776,0.11522782733230284
13.555,[0.41748795],13.555,0.4251876076189945,0.08910819995164786
13.56,[0.41882458],13.56,0.4267507973528878,0.0913954993501037
13.565,[0.42015633],13.565,0.42792318965330783,0.07243110970454449
13.57,[0.42147986],13.57,0.4294863793872012,0.07961850068350787
13.575000000000001,[0.42279465],13.575000000000001,0.43085417040435786,0.0854244287991429
13.58,[0.42410258],13.58,0.4322219614215146,0.08942022932567562
13.585,[0.42540534],13.585,0.4335897524386713,0.09206630331034939
13.59,[0.42670223],13.59,0.434957543455828,0.07148120395123535
13.595,[0.42799277],13.595,0.43671613190645797,0.09946505252305422
13.6,[0.42927884],13.6,0.43808392292361464,0.0762605259889495
13.605,[0.43056214],13.605,0.43984251137424474,0.10200641659242043
13.61,[0.43184417],13.61,0.4412103023914014,0.07747655601656135
13.615,[0.43312181],13.615,0.44238269469182145,0.06018347471966356
13.620000000000001,[0.43439027],13.620000000000001,0.4441412831424515,0.06821135627346198
13.625,[0.43565237],13.625,0.4457044728763448,0.09732057686294453
13.63,[0.43691287],13.63,0.4468768651767649,0.07399717111129178
13.635,[0.43817133],13.635,0.4484400549106582,0.07798632851625109
13.64,[0.43942734],13.64,0.4498078459278149,0.08152109998822464
13.645,[0.44068287],13.645,0.4509802382282349,0.08492823723473372
13.65,[0.44193738],13.65,0.45215263052865495,0.06475915991024055
13.655000000000001,[0.44318823],13.655000000000001,0.4535204215458116,0.07247580339817158
13.66,[0.44443552],13.66,0.45469281384623167,0.07898467286360807
13.665000000000001,[0.44567942],13.665000000000001,0.4560606048633884,0.05981828314381834
13.67,[0.44692016],13.67,0.4576237945972817,0.09072579568587681
13.675,[0.44816025],13.675,0.45860078818096506,0.06992113393392164
13.68,[0.44939958],13.68,0.46016397791485847,0.07529167965493291
13.685,[0.45063808],13.685,0.4613363702152784,0.08060619553974979
13.69,[0.45187801],13.69,0.4627041612324352,0.08370338912448175
13.695,[0.45311896],13.695,0.4638765535328551,0.06357156150968196
13.700000000000001,[0.45436057],13.700000000000001,0.46543974326674853,0.09303351456998286
13.705,[0.45560478],13.705,0.46661213556716846,0.07017351701777681
13.71,[0.45685085],13.71,0.4681753253010619,0.07442669639486095
13.715,[0.45809814],13.715,0.46915231888474523,0.08029167715830378
13.72,[0.45934831],13.72,0.4707155086186386,0.08110215998006802
13.725,[0.46060258],13.725,0.4720832996357954,0.08214229522416717
13.73,[0.46185962],13.73,0.4732556919362153,0.0611218277321207
13.735,[0.463116],13.735,0.4748188816701087,0.06650316939237073
13.74,[0.46437093],13.74,0.47599127397052876,0.07174203108753986
13.745000000000001,[0.4656237],13.745000000000001,0.476968267554212,0.05396573277856453
13.75,[0.46687146],13.75,0.4781406598546321,0.06277339631692223
13.755,[0.46811606],13.755,0.47970384958852547,0.08844470458142896
13.76,[0.46936116],13.76,0.4808762418889455,0.06487153573667709
13.765,[0.47060545],13.765,0.48204863418936544,0.0692405848509139
13.77,[0.47184562],13.77,0.48302562777304886,0.051875372493120055
13.775,[0.47307885],13.775,0.4843934187902056,0.059298166240274106
13.780000000000001,[0.47430486],13.780000000000001,0.48576120980736226,0.06410556986653472
13.785,[0.47552547],13.785,0.4869336021077822,0.06785395290000237
13.790000000000001,[0.47674221],13.790000000000001,0.488301393124939,0.06938867360300574
13.795,[0.47795633],13.795,0.4898645828588323,0.06916872952310861
13.8,[0.47916881],13.8,0.4910369751592523,0.07007122457136493
13.805,[0.48038043],13.805,0.49220936745967236,0.07057747305883602
13.81,[0.48158974],13.81,0.49338175976009235,0.05021143027123846
13.815,[0.48279149],13.815,0.4945541520605124,0.03538015163895875
13.82,[0.48398127],13.82,0.49553114564419576,0.04688206719877849
13.825000000000001,[0.48515944],13.825000000000001,0.4967035379446158,0.05408563421675834
13.83,[0.48632838],13.83,0.4980713289617725,0.05810584190676713
13.835,[0.48749015],13.835,0.4992437212621924,0.061215510929840594
13.84,[0.4886465],13.84,0.5002207148458758,0.06435217791265425
13.845,[0.48979698],13.845,0.5011977084295592,0.0464645715516888
13.85,[0.49093928],13.85,0.5021747020132425,0.054125271241559775
13.855,[0.49207342],13.855,0.5033470943136626,0.05880325865722872
13.86,[0.49319955],13.86,0.504324087897346,0.04272626984729842
13.865,[0.49431589],13.865,0.5053010814810293,0.05143736380811146
13.870000000000001,[0.49542105],13.870000000000001,0.5062780750647126,0.03777736905956004
13.875,[0.496514],13.875,0.507255068648396,0.04843395652996599
13.88,[0.49759594],13.88,0.5080366635153426,0.057106845011653876
13.885,[0.49866804],13.885,0.5090136570990259,0.0425582825713772
13.89,[0.49972949],13.89,0.510186049399446,0.05154051159521242
13.895,[0.5007837],13.895,0.5115538404166027,0.07718399867392635
13.9,[0.5018376],13.9,0.5127262327170228,0.07615168875213808
13.905000000000001,[0.50289525],13.905000000000001,0.5138986250174427,0.07557964131881235
13.91,[0.50396027],13.91,0.5152664160345994,0.09496341824159378
13.915000000000001,[0.50503785],13.915000000000001,0.5164388083350194,0.08967199446198192
13.92,[0.50613248],13.92,0.5178065993521761,0.10538575484605024
13.925,[0.50724588],13.925,0.5185881942191228,0.078888158857122
13.93,[0.50837531],13.93,0.5199559852362795,0.07858150314286205
13.935,[0.50952059],13.935,0.5213237762534362,0.09999021850442007
13.94,[0.51068581],13.94,0.5224961685538563,0.09518827894645561
13.945,[0.51187004],13.945,0.5236685608542763,0.07016353673841623
13.950000000000001,[0.51306809],13.950000000000001,0.5250363518714329,0.07377378645732785
13.955,[0.51427995],13.955,0.526794940322063,0.0964926576588177
13.96,[0.51550775],13.96,0.5277719339057463,0.07192489973248993
13.965,[0.51674876],13.965,0.5287489274894297,0.0771778601812018
13.97,[0.51799834],13.97,0.529725921073113,0.058768450890254294
13.975,[0.5192525],13.975,0.5308983133735331,0.06828680174899292
13.98,[0.52051236],13.98,0.5322661043906898,0.09680432847820641
13.985,[0.52178109],13.985,0.5332430979743731,0.07376326626067262
13.99,[0.52305897],13.99,0.5351970851417398,0.09756012124104724
13.995000000000001,[0.5243461],13.995000000000001,0.5363694774421598,0.07274753367558466
14.0,[0.52564234],14.0,0.5377372684593165,0.09841034097225551
14.005,[0.52694742],14.005,0.5389096607597365,0.07315462189065788
14.01,[0.52826083],14.01,0.5402774517768932,0.09773950390575796
14.015,[0.52958193],14.015,0.5414498440773132,0.07244466762217798
14.02,[0.53090986],14.02,0.5430130338112066,0.09514777433930309
14.025,[0.53224368],14.025,0.54399002739489,0.0708938205483188
14.030000000000001,[0.53358019],14.030000000000001,0.5453578184120467,0.07296149556243665
14.035,[0.53491644],14.035,0.5465302107124667,0.07507780052512787
14.040000000000001,[0.53624985],14.040000000000001,0.5475072042961501,0.056230543645184275
14.045,[0.53757604],14.045,0.5484841978798334,0.06420845432297091
14.05,[0.53889331],14.05,0.5500473876137267,0.06704696066796849
14.055,[0.54020425],14.055,0.5514151786308834,0.08920457212804474
14.06,[0.54151293],14.06,0.5523921722145668,0.08614396126806553
14.065,[0.54281866],14.065,0.5535645645149868,0.06302110456207624
14.07,[0.54411683],14.07,0.5547369568154068,0.06659398192733965
14.075000000000001,[0.54540352],14.075000000000001,0.5561047478325636,0.04796387192184435
14.08,[0.54667746],14.08,0.5572771401329836,0.07541074026917735
14.085,[0.54793958],14.085,0.5582541337166669,0.05613562900383938
14.09,[0.54918694],14.09,0.5594265260170869,0.041334624575482475
14.095,[0.55041526],14.095,0.560598918317507,0.051074197518747456
14.1,[0.55162501],14.1,0.5619667093346636,0.057020999395699476
14.105,[0.55282064],14.105,0.562943702918347,0.08247417544298963
14.11,[0.55400615],14.11,0.5639206965020302,0.06158544332422291
14.115,[0.55518124],14.115,0.5648976900857137,0.06689452242256771
14.120000000000001,[0.55634393],14.120000000000001,0.5656792849526604,0.051961183928767515
14.125,[0.55749274],14.125,0.5670470759698171,0.0595508509964617
14.13,[0.55863062],14.13,0.5682194682702371,0.08602341621088723
14.135,[0.55976229],14.135,0.5691964618539204,0.06567793065391496
14.14,[0.56088795],14.14,0.5701734554376038,0.0718825528792988
14.145,[0.56201007],14.145,0.5715412464547605,0.0955209386871053
14.15,[0.5631329],14.15,0.5725182400384438,0.07304254539800659
14.155000000000001,[0.5642561],14.155000000000001,0.5736906323388637,0.07727406328485666
14.16,[0.56537954],14.16,0.5746676259225473,0.08169641478574945
14.165000000000001,[0.56650322],14.165000000000001,0.576035416939704,0.061819011556937635
14.17,[0.56762729],14.17,0.5774032079568606,0.0908845510851884
14.175,[0.56875627],14.175,0.5787709989740173,0.09008460906837955
14.18,[0.56989408],14.18,0.580138789991174,0.08916552482312089
14.185,[0.57103972],14.185,0.581311182291594,0.06749932309827372
14.19,[0.57219022],14.19,0.5828743720254873,0.07253364704934667
14.195,[0.57334527],14.195,0.5838513656091707,0.07908135194978545
14.200000000000001,[0.57450914],14.200000000000001,0.585414555343064,0.10321894318662594
14.205,[0.57568539],14.205,0.5865869476434841,0.0777408705332362
14.21,[0.57687025],14.21,0.5877593399439041,0.05891712393908606
14.215,[0.57806053],14.215,0.5891271309610607,0.09071917168225818
14.22,[0.5792603],14.22,0.5906903206949541,0.08962618796433992
14.225,[0.58047291],14.225,0.5920581117121109,0.0891872253921877
14.23,[0.58169889],14.23,0.5934259027292675,0.08889672859534087
14.235,[0.58293854],14.235,0.5945982950296876,0.08943832719658816
14.24,[0.58418972],14.24,0.5959660860468443,0.06621691896679553
14.245000000000001,[0.58545049],14.245000000000001,0.5977246744974742,0.09345542198927019
14.25,[0.58672373],14.25,0.5994832629481043,0.08957904397801518
14.255,[0.58801175],14.255,0.6006556552485243,0.08903370628713295
14.26,[0.58931408],14.26,0.6022188449824176,0.08711622253048747
14.265,[0.59063018],14.265,0.6033912372828377,0.08728846985386884
14.27,[0.59196176],14.27,0.604954427016731,0.10835960495012667
14.275,[0.59331015],14.275,0.6067130154673611,0.07721649608066307
14.280000000000001,[0.59467162],14.280000000000001,0.6078854077677811,0.08002266966171354
14.285,[0.59604289],14.285,0.6094485975016745,0.08064780010126513
14.290000000000001,[0.5974211],14.290000000000001,0.6106209898020944,0.05933141165524993
14.295,[0.59880145],14.295,0.6121841795359879,0.06623021326240035
14.3,[0.60018225],14.3,0.6133565718364078,0.07313801389838916
14.305,[0.60156214],14.305,0.6147243628535647,0.05337018323536194
14.31,[0.60293765],14.31,0.6160921538707212,0.06366400575947027
14.315,[0.60431083],14.315,0.6176553436046146,0.09403028278689564
14.32,[0.60568831],14.32,0.6190231346217714,0.09285142357088158
14.325000000000001,[0.60707094],14.325000000000001,0.620390925638928,0.06803008954932017
14.33,[0.60845462],14.33,0.6213679192226114,0.0767504658286669
14.335,[0.60983842],14.335,0.6231265076732413,0.07991200431924377
14.34,[0.61122402],14.34,0.6242988999736614,0.08473204948108015
14.345,[0.61261296],14.345,0.6256666909908181,0.08762398465084291
14.35,[0.61400655],14.35,0.6276206781581847,0.08708901198334533
14.355,[0.61540344],14.355,0.6289884691753416,0.06417225253915615
14.36,[0.61680253],14.36,0.6307470576259715,0.09538720483666407
14.365,[0.61820794],14.365,0.6325056460766015,0.09279632358210442
14.370000000000001,[0.61962316],14.370000000000001,0.6338734370937583,0.09238158501776199
14.375,[0.621046],14.375,0.6350458293941783,0.06852965403829661
14.38,[0.62247205],14.38,0.6364136204113349,0.07602606625707521
14.385,[0.62390013],14.385,0.6377814114284917,0.08153016363099465
14.39,[0.62532922],14.39,0.6387584050121751,0.062237184268636656
14.395,[0.62675598],14.395,0.6407123921795417,0.06995748065119521
14.4,[0.62818278],14.4,0.6426663793469085,0.09958797871818156
14.405000000000001,[0.62961423],14.405000000000001,0.6438387716473285,0.07415890936230124
14.41,[0.6310491],14.41,0.6454019613812219,0.07943282126664161
14.415000000000001,[0.63248638],14.415000000000001,0.6469651511151151,0.08327220827667786
14.42,[0.63393046],14.42,0.6491145369992186,0.10761383501036995
14.425,[0.63538505],14.425,0.6504823280163752,0.0786271441110842
14.43,[0.63684801],14.43,0.6516547203167954,0.0841599814245659
14.435,[0.63831756],14.435,0.6532179100506885,0.08707650694447812
14.44,[0.63979481],14.44,0.6549764985013187,0.08826973915841066
14.445,[0.64127808],14.445,0.656539688235212,0.06377988211586998
14.450000000000001,[0.64276326],14.450000000000001,0.6579074792523687,0.07365088648946135
14.455,[0.64425238],14.455,0.6594706689862622,0.10600013184959645
14.46,[0.6457499],14.46,0.6608384600034187,0.07870057565946507
14.465,[0.64725422],14.465,0.6627924471707854,0.08243297176188007
14.47,[0.64876403],14.47,0.6645510356214154,0.08590586366299789
14.475,[0.65028101],14.475,0.6659188266385723,0.09008215990157531
14.48,[0.6518066],14.48,0.6674820163724656,0.09250765277411571
14.485,[0.65334202],14.485,0.6688498073896222,0.09542922496710952
14.49,[0.65488542],14.49,0.670217598406779,0.07102426302499837
14.495000000000001,[0.65643242],14.495000000000001,0.6715853894239355,0.08116940208284841
14.5,[0.65797932],14.5,0.6729531804410924,0.06127536487764786
14.505,[0.65952299],14.505,0.674320971458249,0.07520402672357565
14.51,[0.66106088],14.51,0.6758841611921423,0.05633302902848232
14.515,[0.66259376],14.515,0.6774473509260357,0.09826415556172104
14.52,[0.66412517],14.52,0.6792059393766657,0.07237532930964773
14.525,[0.66565532],14.525,0.6809645278272958,0.08068981949872021
14.530000000000001,[0.66718439],14.530000000000001,0.6825277175611891,0.0872808951740541
14.535,[0.66871538],14.535,0.6842863060118193,0.09075205433336614
14.540000000000001,[0.67025073],14.540000000000001,0.6862402931791859,0.09171826686179989
14.545,[0.67179243],14.545,0.6879988816298159,0.0925784229518175
14.55,[0.67334478],14.55,0.6897574700804461,0.1179767982473706
14.555,[0.6749112],14.555,0.691516058531076,0.08476191517929477
14.56,[0.67648872],14.56,0.6930792482649695,0.0870160591115519
14.565,[0.67807457],14.565,0.6948378367155994,0.08749202407923647
14.57,[0.67966624],14.57,0.6960102290160194,0.06380284865621084
14.575000000000001,[0.6812587],14.575000000000001,0.6981596149001227,0.06967522172985262
14.58,[0.68285043],14.58,0.6997228046340161,0.07527993030756251
14.585,[0.68444007],14.585,0.7010905956511728,0.05345743403259546
14.59,[0.68602365],14.59,0.7024583866683295,0.06483236342998447
14.595,[0.68759784],14.595,0.7038261776854862,0.046173998794634574
14.6,[0.68915991],14.6,0.7055847661361163,0.05800431379347981
14.605,[0.69071302],14.605,0.7071479558700097,0.09244772330645928
14.61,[0.69226527],14.61,0.7089065443206396,0.09007546344100761
14.615,[0.6938181],14.615,0.7102743353377963,0.06402608862945089
14.620000000000001,[0.69536998],14.620000000000001,0.7124237212218996,0.09302492107831768
14.625,[0.69692495],14.625,0.713986910955793,0.0903261101376331
14.63,[0.69848632],14.63,0.7155501006896864,0.08808836957894849
14.635,[0.7000541],14.635,0.7171132904235799,0.08637371832973709
14.64,[0.70162554],14.64,0.7184810814407364,0.060608900267788555
14.645,[0.70319554],14.645,0.7200442711746298,0.06712751876541048
14.65,[0.70476245],14.65,0.7218028596252599,0.07094563389883723
14.655000000000001,[0.7063301],14.655000000000001,0.7231706506424166,0.09954070199368267
14.66,[0.70790163],14.66,0.7247338403763098,0.06972794287348996
14.665000000000001,[0.70947437],14.665000000000001,0.7262970301102033,0.07303117026336649
14.67,[0.71104595],14.67,0.7282510172775699,0.0734928218269484
14.675,[0.71261948],14.675,0.7300096057282001,0.0981461889341807
14.68,[0.71419749],14.68,0.7315727954620934,0.06773898077945613
14.685,[0.71577681],14.685,0.7331359851959867,0.07010448848712807
14.69,[0.71735466],14.69,0.7348945736466168,0.07075355256672108
14.695,[0.71893118],14.695,0.7362623646637734,0.07262671112299562
14.700000000000001,[0.7205039],14.700000000000001,0.7374347569641935,0.05045188802106399
14.705,[0.72207067],14.705,0.7391933454148236,0.08123997985516494
14.71,[0.72363219],14.71,0.7403657377152436,0.057003963870288755
14.715,[0.72518901],14.715,0.7423197248826102,0.08428792271435784
14.72,[0.72674154],14.72,0.7432967184662935,0.05996979880613646
14.725,[0.72829011],14.725,0.7450553069169236,0.08717979251646513
14.73,[0.72983498],14.73,0.7462276992173437,0.06150819308328722
14.735,[0.73137635],14.735,0.7479862876679737,0.08816234494321126
14.74,[0.7329144],14.74,0.7491586799683937,0.06247505063121072
14.745000000000001,[0.73444931],14.745000000000001,0.7509172684190237,0.08871478609352963
14.75,[0.73598122],14.75,0.751894262002707,0.06403614500258191
14.755,[0.73750787],14.755,0.7534574517366005,0.06793893519380682
14.76,[0.73902741],14.76,0.7546298440370205,0.07277036938261253
14.765,[0.74054089],14.765,0.7563884324876504,0.0738776905735366
14.77,[0.74205173],14.77,0.7581470209382805,0.09790937414972142
14.775,[0.74356295],14.775,0.7591240145219639,0.07167161075202096
14.780000000000001,[0.74507217],14.780000000000001,0.7602964068223839,0.07639006648359942
14.785,[0.7465775],14.785,0.7618595965562772,0.07871301384034603
14.790000000000001,[0.74807985],14.790000000000001,0.763227387573434,0.08121764667114356
14.795,[0.7495801],14.795,0.7642043811571174,0.08509079036091685
14.8,[0.75107901],14.8,0.7655721721742741,0.08669661423314425
14.805,[0.75257725],14.805,0.7669399631914308,0.08790879890133002
14.81,[0.7540729],14.81,0.767916956775114,0.06644397647456492
14.815,[0.75556188],14.815,0.7690893490755342,0.07541957975932662
14.82,[0.75704327],14.82,0.7702617413759542,0.08222133036238767
14.825000000000001,[0.75851637],14.825000000000001,0.7712387349596374,0.06374085317024479
14.83,[0.75998061],14.83,0.7724111272600575,0.09897847516532872
14.835,[0.76143804],14.835,0.7735835195604776,0.07592568771640314
14.84,[0.76288795],14.84,0.774560513144161,0.08478472961436487
14.845,[0.76432734],14.845,0.7755375067278442,0.06722710894354882
14.85,[0.76575371],14.85,0.7769052977450008,0.0777556936424934
14.855,[0.76716744],14.855,0.7780776900454209,0.08581164900675087
14.86,[0.76857128],14.86,0.7794454810625776,0.0904455774264817
14.865,[0.7699675],14.865,0.7806178733629977,0.09413777728422837
14.870000000000001,[0.77135792],14.870000000000001,0.781594866946681,0.09739240081071344
14.875,[0.77274394],14.875,0.7829626579638376,0.0977642897447851
14.88,[0.77412879],14.88,0.784525847697731,0.11826284062153458
14.885,[0.77551501],14.885,0.785698239998151,0.09045333036973442
14.89,[0.7769],14.89,0.786870632298571,0.09210802475900069
14.895,[0.77828136],14.895,0.7882384233157278,0.09220673349956574
14.9,[0.77965912],14.9,0.7892154168994111,0.09391850002898519
14.905000000000001,[0.78103316],14.905000000000001,0.7901924104830944,0.09513939228945979
14.91,[0.78240322],14.91,0.7913648027835144,0.09531789024542775
14.915000000000001,[0.78376896],14.915000000000001,0.7925371950839345,0.095291004491017
14.92,[0.78513],14.92,0.7935141886676178,0.09635905572146208
14.925,[0.78648597],14.925,0.794100384817828,0.09937938554263856
14.93,[0.78783647],14.93,0.7952727771182478,0.09962728970521574
14.935,[0.7891832],14.935,0.7962497707019311,0.12094049478128285
14.94,[0.79052954],14.94,0.7972267642856145,0.11636145699211847
14.945,[0.79187429],14.945,0.7978129604358245,0.09517733645877335
14.950000000000001,[0.79321033],14.950000000000001,0.7987899540195079,0.07890484655088165
14.955,[0.79453377],14.955,0.7995715488864547,0.11030545637500609
14.96,[0.79584546],14.96,0.8001577450366647,0.09340665621944437
14.965,[0.79714429],14.965,0.8007439411868746,0.10293642047878651
14.97,[0.79842949],14.97,0.8013301373370847,0.11099051513364236
14.975,[0.79970264],14.975,0.8019163334872947,0.11798387824504657
14.98,[0.8009653],14.98,0.8025025296375047,0.12410802130313014
14.985,[0.80221895],14.985,0.8030887257877147,0.12958250321067694
14.99,[0.80346503],14.99,0.8034795232211881,0.1356585367030901
14.995000000000001,[0.80470285],14.995000000000001,0.8036749219379247,0.12146652087703486
15.0,[0.80592984],15.0,0.8042611180881346,0.1316835704871695
15.005,[0.80714794],15.005,0.8046519155216081,0.16066950924533774
15.01,[0.80836074],15.01,0.8048473142383447,0.14264633709168414
15.015,[0.80956713],15.015,0.8050427129550815,0.15042041545889195
15.02,[0.81076584],15.02,0.8052381116718181,0.1561328746398882
15.025,[0.81195732],15.025,0.8054335103885547,0.16032447978589467
15.030000000000001,[0.81314142],15.030000000000001,0.8054335103885547,0.16341173544393994
15.035,[0.8143172],15.035,0.8056289091052914,0.16345191002068837
15.040000000000001,[0.81548154],15.040000000000001,0.8056289091052914,0.14884605293362568
15.045,[0.8166295],15.045,0.8056289091052914,0.15193226417454173
15.05,[0.81775729],15.05,0.8056289091052914,0.1513832312724741
15.055,[0.81886103],15.055,0.8056289091052914,0.13958046277908034
15.06,[0.81993533],15.06,0.8056289091052914,0.1378972456189369
15.065,[0.82097518],15.065,0.8056289091052914,0.131921987600766
15.07,[0.82197526],15.07,0.8056289091052914,0.11992042862135519
15.075000000000001,[0.82292907],15.075000000000001,0.8056289091052914,0.10933778455234627
15.08,[0.82382932],15.08,0.8056289091052914,0.09281577262135857
15.085,[0.8246676],15.085,0.8056289091052914,0.07364425500149753
15.09,[0.82543433],15.09,0.8056289091052914,0.05208956125540639
15.095,[0.82611904],15.095,0.8056289091052914,0.02865364320975282
15.1,[0.82671299],15.1,0.8056289091052914,0.029466858645294462
15.105,[0.82720649],15.105,0.8054335103885547,-0.028229312304431393
15.11,[0.82758759],15.11,0.8054335103885547,-0.019409555181426348
15.115,[0.8278478],15.115,0.8052381116718181,-0.04962603023057379
15.120000000000001,[0.8279779],15.120000000000001,0.8050427129550815,-0.07828087169631179
15.125,[0.82796532],15.125,0.8046519155216081,-0.10421125526474949
15.13,[0.82779768],15.13,0.8042611180881346,-0.12824500104047623
15.135,[0.82746296],15.135,0.8036749219379247,-0.1490522210436532
15.14,[0.82695535],15.14,0.802893327070978,-0.12727672036735746
15.145,[0.82626875],15.145,0.8019163334872947,-0.18870694797419268
15.15,[0.8253855],15.15,0.8003531437534013,-0.19433328488931786
15.155000000000001,[0.82429697],15.155000000000001,0.799376150169718,-0.1739601372090868
15.16,[0.82300842],15.16,0.7976175617190879,-0.1888455419832666
15.165000000000001,[0.82151761],15.165000000000001,0.7954681758349845,-0.1951603892435826
15.17,[0.81980763],15.17,0.7931233912341445,-0.18563873103966888
15.175,[0.81785574],15.175,0.7911694040667778,-0.18104853233749307
15.18,[0.81565913],15.18,0.7892154168994111,-0.19448300606948393
15.185,[0.81323272],15.185,0.7866752335818344,-0.18939365088648127
15.19,[0.81058145],15.19,0.7835488541140476,-0.17687142329198016
15.195,[0.8076919],15.195,0.7800316772127877,-0.08084370710323865
15.200000000000001,[0.80454357],15.200000000000001,0.7769052977450008,-0.07932523704528957
15.205,[0.80112924],15.205,0.7735835195604776,-0.07459237459086954
15.21,[0.79746384],15.21,0.7708479375261642,-0.15725830632398805
15.215,[0.79357188],15.215,0.7681123554918509,-0.1362627164596945
15.22,[0.7894651],15.22,0.763227387573434,-0.10216708585019102
15.225,[0.78513299],15.225,0.7589286158052272,-0.11754140641472774
15.23,[0.78055641],15.23,0.7554114389039671,-0.11998725142858999
15.235,[0.77574283],15.235,0.7524804581529171,-0.09999781918206502
15.24,[0.77072264],15.24,0.7491586799683937,-0.11011258383493391
15.245000000000001,[0.76549956],15.245000000000001,0.7450553069169236,-0.16425568796141068
15.25,[0.76007852],15.25,0.7421243261658735,-0.17678074706067448
15.255,[0.75450077],15.255,0.7386071492646135,-0.18344672013379137
15.26,[0.74879019],15.26,0.7346991749298801,-0.19096466487255603
15.265,[0.74295604],15.265,0.7307912005951467,-0.15955219391865408
15.27,[0.73700645],15.27,0.7261016313934666,-0.2195149909464003
15.275,[0.73092379],15.275,0.72238905577547,-0.22975932620186196
15.280000000000001,[0.72470653],15.280000000000001,0.7194580750244197,-0.20313559480075283
15.285,[0.71837939],15.285,0.7159408981231598,-0.22949960426235477
15.290000000000001,[0.71193799],15.290000000000001,0.711642126354953,-0.29325737870934787
15.295,[0.7053664],15.295,0.7085157468871662,-0.2624163297836728
15.3,[0.69867803],15.3,0.7046077725524329,-0.28579587904542925
15.305,[0.69188484],15.305,0.7003090007842262,-0.30601477022283596
15.31,[0.68498438],15.31,0.6965964251662294,-0.3280084245945214
15.315,[0.67797519],15.315,0.6922976533980226,-0.34643877124070355
15.32,[0.6708567],15.32,0.6881942803465526,-0.36552691451823455
15.325000000000001,[0.66364286],15.325000000000001,0.6850679008787659,-0.3439965427679345
15.33,[0.65635982],15.33,0.6817461226942425,-0.37954392199427467
15.335,[0.64903022],15.335,0.6784243445097191,-0.365905706675309
15.34,[0.64167349],15.34,0.6749071676084589,-0.40697061072632473
15.345,[0.63429217],15.345,0.6700221996900422,-0.43570596765037345
15.35,[0.62686038],15.35,0.6661142253553088,-0.5113475843731853
15.355,[0.61935639],15.355,0.6627924471707854,-0.4812130689227601
15.36,[0.61180439],15.36,0.6594706689862622,-0.46576181857775334
15.365,[0.60423918],15.365,0.6559534920850019,-0.50717184601535
15.370000000000001,[0.59666187],15.370000000000001,0.652436315183742,-0.5431614545531677
15.375,[0.58905905],15.375,0.6491145369992186,-0.5758860263406508
15.38,[0.58144786],15.38,0.6455973600979584,-0.596478675723163
15.385,[0.57387114],15.385,0.641689385763225,-0.6229786583642464
15.39,[0.56633594],15.39,0.638172208861965,-0.6491381332666732
15.395,[0.55881878],15.395,0.6344596332439683,-0.6729306341639328
15.4,[0.55129908],15.4,0.6311378550594449,-0.6975973291926989
15.405000000000001,[0.54377356],15.405000000000001,0.6280114755916582,-0.6745701912419906
15.41,[0.53625372],15.41,0.6244942986903982,-0.7105657575279365
15.415000000000001,[0.52873458],15.415000000000001,0.6207817230724014,-0.7412736318679187
15.42,[0.52119743],15.42,0.6166783500209313,-0.7664653676527518
15.425,[0.51362689],15.425,0.612770375686198,-0.789991563994269
15.43,[0.50601079],15.43,0.6080808064845178,-0.8078736258256367
15.435,[0.4983401],15.435,0.6045636295832577,-0.8299495391513932
15.44,[0.49060882],15.44,0.600851053965261,-0.8500282358862524
15.445,[0.48281389],15.445,0.5971384783472642,-0.8692359645972232
15.450000000000001,[0.47496861],15.450000000000001,0.5930351052957942,-0.840654494805707
15.455,[0.4671135],15.455,0.5899087258280075,-0.830288224528879
15.46,[0.45928401],15.46,0.5856099540598008,-0.8679525515330202
15.465,[0.451484],15.465,0.5815065810083306,-0.8988613080136119
15.47,[0.443705],15.47,0.5774032079568606,-0.9236679427720197
15.475,[0.43594224],15.475,0.5732998349053905,-0.9440485164470271
15.48,[0.42820635],15.48,0.5695872592873937,-0.9235716163000841
15.485000000000001,[0.42050906],15.485000000000001,0.5648976900857137,-0.9860969374988272
15.49,[0.41285016],15.49,0.5615759119011904,-0.9628387879707169
15.495000000000001,[0.40523225],15.495000000000001,0.5570817414162468,-1.0170610935506732
15.5,[0.39765],15.5,0.5527829696480401,-1.0215766216892195
15.505,[0.39010176],15.505,0.5486795965965701,-1.0274506303623867
15.51,[0.38260014],15.51,0.5453578184120467,-1.0376380784237684
15.515,[0.3751583],15.515,0.5416452427940499,-1.0464741334820582
15.52,[0.36778961],15.52,0.5381280658927898,-1.0607872352838141
15.525,[0.36051563],15.525,0.5350016864250031,-1.1628224965821177
15.530000000000001,[0.3533642],15.530000000000001,0.530312117223323,-1.1743463775372869
15.535,[0.3463587],15.535,0.5271857377555363,-1.210212437464833
15.540000000000001,[0.3395184],15.540000000000001,0.5226915672705928,-1.2216790891581308
15.545,[0.33284374],15.545,0.5180019980689128,-1.2073656474724648
15.55,[0.32632697],15.55,0.5150710173178628,-1.2497605677981058
15.555,[0.31997654],15.555,0.511944637850076,-1.2662290177414157
15.56,[0.31380637],15.56,0.508427460948816,-1.268281615491517
15.565,[0.30781405],15.565,0.5025654994467159,-1.2660729135457078
15.57,[0.30197743],15.57,0.49846212639524584,-1.2855495408553936
15.575000000000001,[0.29629059],15.575000000000001,0.4951403482107224,-1.2938350546431934
15.58,[0.29077347],15.58,0.4914277725927257,-1.278387454112069
15.585,[0.28543605],15.585,0.48654280467430894,-1.3056231802123848
15.59,[0.28027376],15.59,0.48302562777304886,-1.2876230738987011
15.595,[0.27528212],15.595,0.4779452611378954,-1.309645323287106
15.6,[0.27045175],15.6,0.474037286803162,-1.307954651927709
15.605,[0.26577905],15.605,0.47130170476884864,-1.284946037928786
15.610000000000001,[0.26126585],15.610000000000001,0.4670029330006419,-1.3109195498702282
15.615,[0.25690336],15.615,0.4623133637989618,-1.300556541032438
15.620000000000001,[0.25269234],15.620000000000001,0.45938238304791174,-1.306789137981322
15.625,[0.24864186],15.625,0.4554744087131783,-1.3197586180471206
15.63,[0.24474534],15.63,0.45176183309518164,-1.3069632657272752
15.635,[0.24099594],15.635,0.4484400549106582,-1.2694875303464825
15.64,[0.23739159],15.64,0.4447274792926615,-1.290172605464713
15.645,[0.23392193],15.645,0.44023330880771805,-1.272268409123767
15.65,[0.2305811],15.65,0.43671613190645797,-1.2316792737764581
15.655000000000001,[0.22737093],15.655000000000001,0.43241736013825127,-1.2239264954989966
15.66,[0.2242885],15.66,0.42850938580351783,-1.216293222906345
15.665000000000001,[0.22132706],15.665000000000001,0.42381981660183776,-1.2031419534935375
15.67,[0.21848027],15.67,0.420107240983841,-1.1934688810589975
15.675,[0.21574224],15.675,0.4163946653658443,-1.1828875465669884
15.68,[0.21311035],15.68,0.4128774884645843,-1.14572996557278
15.685,[0.21058465],15.685,0.4089695141298508,-1.1413626242541188
15.69,[0.20816153],15.69,0.4052569385118541,-1.134976857825947
15.695,[0.20583707],15.695,0.40154436289385737,-1.100560658533268
15.700000000000001,[0.20361001],15.700000000000001,0.3976363885591239,-1.0973183794611034
15.705,[0.2014759],15.705,0.39294681935744386,-1.086773354786797
15.71,[0.19942544],15.71,0.38825725015576373,-1.0960356134885845
15.715,[0.19744808],15.715,0.3847400732545037,-1.0790623114946747
15.72,[0.1955394],15.72,0.381613693786717,-1.0428113279748608
15.725,[0.19369991],15.725,0.37751032073524693,-1.0314471683657231
15.73,[0.19192733],15.73,0.37379774511725017,-1.0202339830613683
15.735000000000001,[0.1902172],15.735000000000001,0.37086676436620014,-1.0116999294181102
15.74,[0.18856549],15.74,0.36695879003146675,-0.9974350066076239
15.745000000000001,[0.18697047],15.745000000000001,0.3636370118469433,-0.9653871833372214
15.75,[0.18543237],15.75,0.3599244362289466,-0.9571583463441398
15.755,[0.18394907],15.755,0.3562118606109498,-0.946823808428462
15.76,[0.18251833],15.76,0.35249928499295313,-0.9162644215637914
15.765,[0.18113974],15.765,0.3485913106582197,-0.9080055102495883
15.77,[0.17981084],15.77,0.3450741337569596,-0.8991383121214009
15.775,[0.17852752],15.775,0.34097076070548954,-0.8854077422001635
15.780000000000001,[0.17728613],15.780000000000001,0.3372581850874929,-0.8723466706588633
15.785,[0.17608494],15.785,0.33393640690296944,-0.8437793669095871
15.790000000000001,[0.17492387],15.790000000000001,0.33022383128497274,-0.8340922379791622
